level 0
-1	-1	-1	-1	-1	-1	-1	-1	-1	-1	-1	0	1	2	3	-1	
-1	-1	-1	-1	-1	-1	-1	-1	-1	-1	-1	-1	-1	-1	4	-1	
-1	-1	-1	-1	-1	-1	-1	-1	-1	-1	-1	-1	-1	-1	5	-1	
-1	-1	-1	-1	-1	-1	-1	-1	-1	-1	-1	6	7	8	9	-1	
-1	-1	-1	-1	-1	-1	-1	-1	-1	-1	-1	-1	-1	-1	10	-1	
-1	-1	-1	-1	-1	-1	-1	-1	-1	-1	-1	-1	-1	-1	11	-1	
-1	-1	-1	-1	-1	-1	-1	-1	-1	-1	-1	12	13	14	15	-1	
level 1
-1	-1	-1	-1	-1	-1	16	17	18	19	20	21	22	23	24	25	
-1	-1	-1	-1	-1	-1	26	27	28	29	30	-1	-1	-1	31	32	
-1	-1	-1	-1	-1	-1	33	34	35	36	37	-1	-1	-1	38	39	
-1	-1	-1	-1	-1	-1	40	41	42	43	44	45	46	47	48	49	
-1	-1	-1	-1	-1	-1	50	51	52	53	54	-1	-1	-1	55	56	
-1	-1	-1	-1	-1	-1	57	58	59	60	61	-1	-1	-1	62	63	
-1	-1	-1	-1	-1	-1	64	65	66	67	68	69	70	71	72	73	
level 2
74	75	76	77	78	79	80	81	82	83	84	85	86	87	88	89	
-1	-1	-1	-1	90	91	92	93	-1	94	95	-1	-1	-1	96	97	
-1	-1	-1	-1	98	99	100	101	-1	102	103	-1	-1	-1	104	105	
106	107	108	109	110	111	112	113	-1	114	115	116	117	118	119	120	
-1	-1	-1	-1	121	122	123	124	-1	125	126	-1	-1	-1	127	128	
-1	-1	-1	-1	129	130	131	132	-1	133	134	-1	-1	-1	135	136	
137	138	139	140	141	142	143	144	145	146	147	148	149	150	151	152	
level 3
153	154	155	156	157	158	159	160	161	162	163	164	165	166	167	168	
169	-1	-1	-1	170	171	-1	-1	-1	-1	172	-1	-1	-1	173	174	
175	-1	-1	-1	176	177	-1	-1	-1	-1	178	-1	-1	-1	179	180	
181	182	183	184	185	186	-1	-1	-1	-1	187	188	189	190	191	192	
193	-1	-1	-1	194	195	-1	-1	-1	-1	196	-1	-1	-1	197	198	
199	-1	-1	-1	200	201	-1	-1	-1	-1	202	-1	-1	-1	203	204	
205	206	207	208	209	210	211	212	213	214	215	216	217	218	219	220	
level 4
221	222	223	224	225	226	227	228	229	230	231	232	233	234	235	236	
237	-1	-1	-1	-1	238	-1	-1	-1	-1	239	-1	-1	-1	-1	240	
241	-1	-1	-1	-1	242	-1	-1	-1	-1	243	-1	-1	-1	-1	244	
245	246	247	248	249	250	-1	-1	-1	-1	251	252	253	254	255	256	
257	-1	-1	-1	-1	258	-1	-1	-1	-1	259	-1	-1	-1	-1	260	
261	-1	-1	-1	-1	262	-1	-1	-1	-1	263	-1	-1	-1	-1	264	
265	266	267	268	269	270	271	272	273	274	275	276	277	278	279	280	
level 5
281	282	283	284	285	286	287	288	289	290	291	292	293	294	295	296	
297	-1	-1	-1	-1	298	-1	-1	-1	-1	299	-1	-1	-1	-1	300	
301	-1	-1	-1	-1	302	-1	-1	-1	-1	303	-1	-1	-1	-1	304	
305	306	307	308	309	310	-1	-1	-1	-1	311	312	313	314	315	316	
317	-1	-1	-1	-1	318	-1	-1	-1	-1	319	-1	-1	-1	-1	320	
321	-1	-1	-1	-1	322	-1	-1	-1	-1	323	-1	-1	-1	-1	324	
325	326	327	328	329	330	331	332	333	334	335	336	337	338	339	340	
level 6
341	342	343	344	345	346	347	348	349	350	351	352	353	354	355	356	
357	358	-1	-1	-1	359	-1	-1	-1	-1	360	361	-1	362	363	364	
365	366	-1	-1	-1	367	-1	-1	-1	-1	368	369	-1	370	371	372	
373	374	375	376	377	378	-1	-1	-1	-1	379	380	381	382	383	384	
385	386	-1	-1	-1	387	-1	-1	-1	-1	388	389	-1	390	391	392	
393	394	-1	-1	-1	395	-1	-1	-1	-1	396	397	-1	398	399	400	
401	402	403	404	405	406	407	408	409	410	411	412	413	414	415	416	
level 7
417	418	419	420	421	422	423	424	425	426	427	428	429	430	431	432	
433	434	-1	-1	-1	435	436	-1	437	438	439	440	441	442	443	444	
445	446	-1	-1	-1	447	448	-1	449	450	451	452	453	454	455	456	
457	458	459	460	461	462	463	-1	464	465	466	467	468	469	470	471	
472	473	-1	-1	-1	474	475	-1	476	477	478	479	480	481	482	483	
484	485	-1	-1	-1	486	487	-1	488	489	490	491	492	493	494	495	
496	497	498	499	500	501	502	503	504	505	506	507	508	509	510	511	
level 8
512	513	514	515	516	517	518	519	520	521	-1	-1	-1	-1	-1	-1	
522	523	524	525	526	527	528	529	530	531	-1	-1	-1	-1	-1	-1	
532	533	534	535	536	537	538	539	540	541	-1	-1	-1	-1	-1	-1	
542	543	544	545	546	547	548	549	550	551	-1	-1	-1	-1	-1	-1	
552	553	554	555	556	557	558	559	560	561	-1	-1	-1	-1	-1	-1	
562	563	564	565	566	567	568	569	570	571	-1	-1	-1	-1	-1	-1	
572	573	574	575	576	577	578	579	580	581	-1	-1	-1	-1	-1	-1	
level 9
-1	582	583	584	585	-1	-1	-1	-1	-1	-1	-1	-1	-1	-1	-1	
-1	586	587	588	589	-1	-1	-1	-1	-1	-1	-1	-1	-1	-1	-1	
-1	590	591	592	593	-1	-1	-1	-1	-1	-1	-1	-1	-1	-1	-1	
-1	594	595	596	597	-1	-1	-1	-1	-1	-1	-1	-1	-1	-1	-1	
-1	598	599	600	601	-1	-1	-1	-1	-1	-1	-1	-1	-1	-1	-1	
-1	602	603	604	605	-1	-1	-1	-1	-1	-1	-1	-1	-1	-1	-1	
-1	606	607	608	609	-1	-1	-1	-1	-1	-1	-1	-1	-1	-1	-1	
