level: 0
0 0 0 0 0 0 0 0 0 0 0 0 0 0 0 0 0 0 0 0 0 0 
0 0 0 0 0 0 0 0 0 0 0 0 0 0 0 0 0 0 0 0 0 0 
0 0 0 0 0 0 0 0 0 0 0 0 0 0 0 0 0 0 0 0 0 0 
0 0 0 0 0 0 0 0 0 0 0 0 0 0 0 0 0 0 0 0 0 0 
0 0 0 0 0 0 0 0 0 0 0 0 0 0 0 0 0 0 0 0 0 0 
0 0 0 0 0 0 0 0 V < V < D < < 0 0 0 0 0 0 0 
0 0 0 0 0 0 0 V < A > > > V A < 0 0 0 0 0 0 
0 0 0 0 0 0 0 V > A 0 0 0 > V A < 0 0 0 0 0 
0 0 0 0 V < < < A 0 0 0 0 0 > V A < < 0 0 0 
0 0 0 0 V > > > A 0 0 0 0 0 0 > > V A < 0 0 
0 0 0 0 V A 0 0 0 0 0 0 0 0 0 0 0 > V A 0 0 
0 0 0 0 V A 0 0 0 0 0 0 0 0 0 0 V < < A 0 0 
0 0 0 0 V A 0 0 0 0 0 0 0 0 0 V < > > A 0 0 
0 0 0 0 V A < 0 0 0 0 0 0 0 V < > A 0 0 0 0 
0 0 0 0 > V A < < < V < < < < > A 0 0 0 0 0 
0 0 0 0 0 > > > V A < > > > > A 0 0 0 0 0 0 
0 0 0 0 0 0 0 0 > > > A 0 0 0 0 0 0 0 0 0 0 
0 0 0 0 0 0 0 0 0 0 0 0 0 0 0 0 0 0 0 0 0 0 
level: 1
0 0 0 0 0 0 0 0 0 0 0 0 0 0 0 0 0 0 0 0 0 0 
0 0 0 0 0 0 0 0 0 0 0 0 0 0 0 0 0 0 0 0 0 0 
0 0 0 0 0 0 0 0 0 0 0 0 0 0 0 0 0 0 0 0 0 0 
0 0 0 0 0 0 0 0 0 0 0 0 0 0 0 0 0 0 0 0 0 0 
0 0 0 0 0 0 0 0 0 0 0 0 0 0 0 0 0 0 0 0 0 0 
0 0 0 0 0 0 0 0 0 D V U > > > V 0 0 0 0 0 0 
0 0 0 0 0 0 0 > > A V A < < < > V 0 0 0 0 0 
0 0 0 0 0 0 0 A V < < 0 0 0 A < > V 0 0 0 0 
0 0 0 0 0 > > A V 0 0 0 0 0 0 A < > > V 0 0 
0 0 0 0 > A V < < 0 0 0 0 0 0 0 A < < > V 0 
0 0 0 0 A V < 0 0 0 0 0 0 0 0 0 0 0 A < V 0 
0 0 0 0 A V 0 0 0 0 0 0 0 0 0 0 0 0 > A V 0 
0 0 0 0 A V 0 0 0 0 0 0 0 0 0 > > > A V < 0 
0 0 0 0 A > V 0 0 0 0 0 0 0 > A V < < < 0 0 
0 0 0 0 A < > > > > V 0 > > A V < 0 0 0 0 0 
0 0 0 0 0 A < < < < > > A V < < 0 0 0 0 0 0 
0 0 0 0 0 0 0 0 0 A < < < < 0 0 0 0 0 0 0 0 
0 0 0 0 0 0 0 0 0 0 0 0 0 0 0 0 0 0 0 0 0 0 
level: 2
0 0 0 0 0 0 0 0 0 0 0 0 0 0 0 0 0 0 0 0 0 0 
0 0 0 0 0 0 0 0 0 0 0 0 0 0 0 0 0 0 0 0 0 0 
0 0 0 0 0 0 0 0 0 0 0 0 0 0 0 0 0 0 0 0 0 0 
0 0 0 0 0 0 0 0 0 0 0 0 0 0 0 0 0 0 0 0 0 0 
0 0 0 0 0 0 0 0 0 0 V < D 0 0 0 0 0 0 0 0 0 
0 0 0 0 0 0 0 0 0 V U 0 A V < < 0 0 0 0 0 0 
0 0 0 0 0 0 0 0 V < > > A > V A < < 0 0 0 0 
0 0 0 0 0 0 V < < > A 0 0 0 > > V A < 0 0 0 
0 0 0 0 0 V < > > A 0 0 0 0 0 0 > V A < < 0 
0 0 0 0 V < > A 0 0 0 0 0 0 0 0 0 > > V A 0 
0 0 0 0 > V A 0 0 0 0 0 0 0 0 0 0 0 0 V A 0 
0 0 0 0 0 V A 0 0 0 0 0 0 0 0 0 0 0 V < A 0 
0 0 0 0 0 V A < 0 0 0 0 0 0 0 0 V < < > A 0 
0 0 0 0 0 > V A < < 0 0 0 0 0 V < > > A 0 0 
0 0 0 0 0 0 > > V A < < < V < < > A 0 0 0 0 
0 0 0 0 0 0 0 0 > > > V A < > > A 0 0 0 0 0 
0 0 0 0 0 0 0 0 0 0 0 > > > A 0 0 0 0 0 0 0 
0 0 0 0 0 0 0 0 0 0 0 0 0 0 0 0 0 0 0 0 0 0 
level: 3
0 0 0 0 0 0 0 0 0 0 0 0 0 0 0 0 0 0 0 0 0 0 
0 0 0 0 0 0 0 0 0 0 0 0 0 0 0 0 0 0 0 0 0 0 
0 0 0 0 0 0 0 0 0 0 0 0 0 0 0 0 0 0 0 0 0 0 
0 0 0 0 0 0 0 0 0 0 0 0 0 0 0 0 0 0 0 0 0 0 
0 0 0 0 0 0 0 0 0 D V U > V 0 0 0 0 0 0 0 0 
0 0 0 0 0 0 0 0 > A V A < > > > V 0 0 0 0 0 
0 0 0 0 0 0 0 0 A V < 0 A < < < > V 0 0 0 0 
0 0 0 0 0 0 > > A V 0 0 0 0 0 A < > V 0 0 0 
0 0 0 0 > > A V < < 0 0 0 0 0 0 A < > V 0 0 
0 0 0 > A V < < 0 0 0 0 0 0 0 0 0 A < > V 0 
0 0 0 A V < 0 0 0 0 0 0 0 0 0 0 0 0 A < V 0 
0 0 0 A > V 0 0 0 0 0 0 0 0 0 0 0 0 > A V 0 
0 0 0 A < > > V 0 0 0 0 0 0 0 0 > > A V < 0 
0 0 0 0 A < < > > > V 0 0 0 0 > A V < < 0 0 
0 0 0 0 0 0 A < < < > V 0 > > A V < 0 0 0 0 
0 0 0 0 0 0 0 0 0 A < > > A V < < 0 0 0 0 0 
0 0 0 0 0 0 0 0 0 0 A < < < < 0 0 0 0 0 0 0 
0 0 0 0 0 0 0 0 0 0 0 0 0 0 0 0 0 0 0 0 0 0 
level: 4
0 0 0 0 0 0 0 0 0 0 0 0 0 0 0 0 0 0 0 0 0 0 
0 0 0 0 0 0 0 0 0 0 0 0 0 0 0 0 0 0 0 0 0 0 
0 0 0 0 0 0 0 0 0 0 0 0 0 0 0 0 0 0 0 0 0 0 
0 0 0 0 0 0 0 0 0 0 0 0 0 0 0 0 0 0 0 0 0 0 
0 0 0 0 0 0 0 0 0 D U V < < < 0 0 0 0 0 0 0 
0 0 0 0 0 0 0 0 V < A > > V A < < 0 0 0 0 0 
0 0 0 0 0 0 0 V < > A 0 0 > > V A < 0 0 0 0 
0 0 0 V < < < < > A 0 0 0 0 0 > V A < 0 0 0 
0 0 0 V > > > > A 0 0 0 0 0 0 0 > V A 0 0 0 
0 0 V < A 0 0 0 0 0 0 0 0 0 0 0 0 V A < < 0 
0 0 V > A 0 0 0 0 0 0 0 0 0 0 0 0 > > V A 0 
0 0 V A < 0 0 0 0 0 0 0 0 0 0 0 0 V < < A 0 
0 0 > V A < 0 0 0 0 0 0 0 0 0 0 V < > > A 0 
0 0 0 > V A < < < < < 0 0 0 0 V < > A 0 0 0 
0 0 0 0 > > > > > V A < 0 V < < > A 0 0 0 0 
0 0 0 0 0 0 0 0 0 > V A < < > > A 0 0 0 0 0 
0 0 0 0 0 0 0 0 0 0 > > > > A 0 0 0 0 0 0 0 
0 0 0 0 0 0 0 0 0 0 0 0 0 0 0 0 0 0 0 0 0 0 
level: 5
0 0 0 0 0 0 0 0 0 0 0 0 0 0 0 0 0 0 0 0 0 0 
0 0 0 0 0 0 0 0 0 0 0 0 0 0 0 0 0 0 0 0 0 0 
0 0 0 0 0 0 0 0 0 0 0 0 0 0 0 0 0 0 0 0 0 0 
0 0 0 0 0 0 0 0 0 0 0 0 0 0 0 0 0 0 0 0 0 0 
0 0 0 0 0 0 0 0 0 D V > > > V 0 0 0 0 0 0 0 
0 0 0 0 0 0 0 0 > U V A < < > > V 0 0 0 0 0 
0 0 0 0 > > > > A V < 0 0 A < < > V 0 0 0 0 
0 0 0 > A V < < < < 0 0 0 0 0 A < > V 0 0 0 
0 0 > A V < 0 0 0 0 0 0 0 0 0 0 A < V 0 0 0 
0 0 A V < 0 0 0 0 0 0 0 0 0 0 0 0 A > V 0 0 
0 0 A V 0 0 0 0 0 0 0 0 0 0 0 0 0 A < V 0 0 
0 0 A V 0 0 0 0 0 0 0 0 0 0 0 0 0 > A V 0 0 
0 0 A > V 0 0 0 0 0 0 0 0 0 0 0 > A V < 0 0 
0 0 A < > > > > > > V 0 0 0 0 > A V < 0 0 0 
0 0 0 A < < 0 V < < > V 0 0 > A V < 0 0 0 0 
0 0 0 0 0 A < < 0 A < > > > A V < 0 0 0 0 0 
0 0 0 0 0 0 0 0 0 0 A < < < < < 0 0 0 0 0 0 
0 0 0 0 0 0 0 0 0 0 0 0 0 0 0 0 0 0 0 0 0 0 
level: 6
0 0 0 0 0 0 0 0 0 0 0 0 0 0 0 0 0 0 0 0 0 0 
0 0 0 0 0 0 0 0 0 0 0 0 0 0 0 0 0 0 0 0 0 0 
0 0 0 0 0 0 0 0 0 0 0 0 0 0 0 0 0 0 0 0 0 0 
0 0 0 0 0 0 0 0 0 0 0 0 0 0 0 0 0 0 0 0 0 0 
0 0 0 0 0 0 0 0 0 D U V < < < 0 0 0 0 0 0 0 
0 0 0 0 0 0 0 0 V < A > > V A < < 0 0 0 0 0 
0 0 0 0 V < < < < > A 0 0 > > V A < 0 0 0 0 
0 0 V < < > > > > A 0 0 0 0 0 > V A < 0 0 0 
0 0 V > > A 0 0 0 0 0 0 0 0 0 0 > V A 0 0 0 
0 V < A 0 0 0 0 0 0 0 0 0 0 0 0 0 V A < 0 0 
0 V > A 0 0 0 0 0 0 0 0 0 0 0 0 0 V 0 A 0 0 
0 V A < 0 0 0 0 0 0 0 0 0 0 0 0 0 V > A 0 0 
0 > V A < 0 0 0 0 0 0 0 0 0 0 0 V < A 0 0 0 
0 0 > V A < V < < < < 0 0 0 0 V < > A 0 0 0 
0 0 0 > V A < > > V A < 0 0 V < > A 0 0 0 0 
0 0 0 0 > > > A 0 > V A < < < > A 0 0 0 0 0 
0 0 0 0 0 0 0 0 0 0 > > > > > A 0 0 0 0 0 0 
0 0 0 0 0 0 0 0 0 0 0 0 0 0 0 0 0 0 0 0 0 0 
level: 7
0 0 0 0 0 0 0 0 0 0 0 0 0 0 0 0 0 0 0 0 0 0 
0 0 0 0 0 0 0 0 0 0 0 0 0 0 0 0 0 0 0 0 0 0 
0 0 0 0 0 0 0 0 0 0 0 0 0 0 0 0 0 0 0 0 0 0 
0 0 0 0 0 0 0 0 0 0 0 0 0 0 0 0 0 0 0 0 0 0 
0 0 0 0 0 0 0 0 0 > V > > V 0 0 0 0 0 0 0 0 
0 0 0 0 0 0 0 0 > U D A < > > V 0 0 0 0 0 0 
0 0 0 0 > > > > A V < 0 A < < > > V 0 0 0 0 
0 0 > > A V < < < < 0 0 0 0 A < < > V 0 0 0 
0 0 A V < < 0 0 0 0 0 0 0 0 0 0 A < V 0 0 0 
0 > A V 0 0 0 0 0 0 0 0 0 0 0 0 0 A V 0 0 0 
0 A V < 0 0 0 0 0 0 0 0 0 0 0 0 0 A V 0 0 0 
0 A > V 0 0 0 0 0 0 0 0 0 0 0 0 0 A V 0 0 0 
0 A < V 0 0 0 0 0 0 0 0 0 0 0 0 > A V 0 0 0 
0 0 A > > > > > > > V 0 0 0 0 > A V < 0 0 0 
0 0 A < < 0 V < < < > V 0 > > A V < 0 0 0 0 
0 0 0 0 A < < 0 0 A < > > A V < < 0 0 0 0 0 
0 0 0 0 0 0 0 0 0 0 A < < < < 0 0 0 0 0 0 0 
0 0 0 0 0 0 0 0 0 0 0 0 0 0 0 0 0 0 0 0 0 0 
level: 8
0 0 0 0 0 0 0 0 0 0 0 0 0 0 0 0 0 0 0 0 0 0 
0 0 0 0 0 0 0 0 0 0 0 0 0 0 0 0 0 0 0 0 0 0 
0 0 0 0 0 0 0 0 0 0 0 0 0 0 0 0 0 0 0 0 0 0 
0 0 0 0 0 0 0 0 0 0 0 0 0 0 0 0 0 0 0 0 0 0 
0 0 0 0 0 0 0 0 0 0 0 0 0 0 0 0 0 0 0 0 0 0 
0 0 0 0 0 0 0 0 0 V < V < < < 0 0 0 0 0 0 0 
0 0 0 0 V < D < < < U > > V A < < 0 0 0 0 0 
0 0 V < < > > > > > A 0 0 > > V A < 0 0 0 0 
0 0 V > > A 0 0 0 0 0 0 0 0 0 > V A < 0 0 0 
0 V < A 0 0 0 0 0 0 0 0 0 0 0 0 > V A 0 0 0 
0 V > A 0 0 0 0 0 0 0 0 0 0 0 0 0 V A 0 0 0 
0 V A < 0 0 0 0 0 0 0 0 0 0 0 0 0 V A 0 0 0 
0 > V A < 0 0 0 0 0 0 0 0 0 0 0 V < A 0 0 0 
0 0 > V A < < < < < < 0 0 0 V < < > A 0 0 0 
0 0 0 > > V > > > V A < < < < > > A 0 0 0 0 
0 0 0 0 0 > A 0 0 > > > > > > A 0 0 0 0 0 0 
0 0 0 0 0 0 0 0 0 0 0 0 0 0 0 0 0 0 0 0 0 0 
0 0 0 0 0 0 0 0 0 0 0 0 0 0 0 0 0 0 0 0 0 0 
level: 9
0 0 0 0 0 0 0 0 0 0 0 0 0 0 0 0 0 0 0 0 0 0 
0 0 0 0 0 0 0 0 0 0 0 0 0 0 0 0 0 0 0 0 0 0 
0 0 0 0 0 0 0 0 0 0 0 0 0 0 0 0 0 0 0 0 0 0 
0 0 0 0 0 0 0 0 0 0 0 0 0 0 0 0 0 0 0 0 0 0 
0 0 0 0 0 0 0 0 0 0 0 0 0 0 0 0 0 0 0 0 0 0 
0 0 0 0 0 0 0 0 0 0 0 0 0 0 0 0 0 0 0 0 0 0 
0 0 0 0 0 U V > D > > > > > > > V 0 0 0 0 0 
0 0 0 > > A V A < < < < < < < < > V 0 0 0 0 
0 0 > A V < < 0 0 0 0 0 0 0 0 A < > V 0 0 0 
0 0 A V < 0 0 0 0 0 0 0 0 0 0 0 A < V 0 0 0 
0 > A V 0 0 0 0 0 0 0 0 0 0 0 0 0 A V 0 0 0 
0 A 0 V 0 0 0 0 0 0 0 0 0 0 0 0 > A V 0 0 0 
0 A < V 0 0 0 0 0 0 0 0 0 0 0 > A V < 0 0 0 
0 0 A > > > > > > > > > > > > A V < 0 0 0 0 
0 0 A < < < < < < < < < < < < < < 0 0 0 0 0 
0 0 0 0 0 0 0 0 0 0 0 0 0 0 0 0 0 0 0 0 0 0 
0 0 0 0 0 0 0 0 0 0 0 0 0 0 0 0 0 0 0 0 0 0 
0 0 0 0 0 0 0 0 0 0 0 0 0 0 0 0 0 0 0 0 0 0 
level: 10
0 0 0 0 0 0 0 0 0 0 0 0 0 0 0 0 0 0 0 0 0 0 
0 0 0 0 0 0 0 0 0 0 0 0 0 0 0 0 0 0 0 0 0 0 
0 0 0 0 0 0 0 0 0 0 0 0 0 0 0 0 0 0 0 0 0 0 
0 0 0 0 0 0 0 0 0 0 0 0 0 0 0 0 0 0 0 0 0 0 
0 0 0 0 0 0 0 0 0 0 0 0 0 0 0 0 0 0 0 0 0 0 
0 0 0 0 0 0 0 0 0 0 0 0 0 0 0 0 0 0 0 0 0 0 
0 0 0 0 0 0 0 0 V U V < < < < < 0 0 0 0 0 0 
0 0 0 V < D < < < A > > > > V A < 0 0 0 0 0 
0 0 V < > > > > > A 0 0 0 0 > V A < 0 0 0 0 
0 V < > A 0 0 0 0 0 0 0 0 0 0 > V A 0 0 0 0 
0 V > A 0 0 0 0 0 0 0 0 0 0 0 0 V A 0 0 0 0 
0 V A 0 0 0 0 0 0 0 0 0 0 0 0 V < A 0 0 0 0 
0 V A < 0 V < < < < < < 0 V < < > A 0 0 0 0 
0 > V A V < > > > > V A < < > > A 0 0 0 0 0 
0 0 V A < > A 0 0 0 > > > > A 0 0 0 0 0 0 0 
0 0 > > > A 0 0 0 0 0 0 0 0 0 0 0 0 0 0 0 0 
0 0 0 0 0 0 0 0 0 0 0 0 0 0 0 0 0 0 0 0 0 0 
0 0 0 0 0 0 0 0 0 0 0 0 0 0 0 0 0 0 0 0 0 0 
level: 11
0 0 0 0 0 0 0 0 0 0 0 0 0 0 0 0 0 0 0 0 0 0 
0 0 0 0 0 0 0 0 0 0 0 0 0 0 0 0 0 0 0 0 0 0 
0 0 0 0 0 0 0 0 0 0 0 0 0 0 0 0 0 0 0 0 0 0 
0 0 0 0 0 0 0 0 0 0 0 0 0 0 0 0 0 0 0 0 0 0 
0 0 0 0 0 0 0 0 0 0 0 0 0 0 0 0 0 0 0 0 0 0 
0 0 0 0 0 0 0 0 0 0 0 0 0 0 0 0 0 0 0 0 0 0 
0 0 0 0 0 0 0 0 0 0 0 0 0 0 0 0 0 0 0 0 0 0 
0 0 0 0 U D > > > > > > > > > V 0 0 0 0 0 0 
0 0 > > A V A < < < V < < D < > V 0 0 0 0 0 
0 > A V < < 0 0 0 A V 0 0 0 A < V 0 0 0 0 0 
0 A V < 0 0 0 0 0 A < 0 0 0 0 A V 0 0 0 0 0 
0 A V 0 0 0 > > > > > V 0 0 > A V 0 0 0 0 0 
0 A V 0 > > A V < < < > > > A V < 0 0 0 0 0 
0 A > V A V < < 0 0 A < < < < < 0 0 0 0 0 0 
0 A < > A V 0 0 0 0 0 0 0 0 0 0 0 0 0 0 0 0 
0 0 A < < < 0 0 0 0 0 0 0 0 0 0 0 0 0 0 0 0 
0 0 0 0 0 0 0 0 0 0 0 0 0 0 0 0 0 0 0 0 0 0 
0 0 0 0 0 0 0 0 0 0 0 0 0 0 0 0 0 0 0 0 0 0 
level: 12
0 0 0 0 0 0 0 0 0 0 0 0 0 0 0 0 0 0 0 0 0 0 
0 0 0 0 0 0 0 0 0 0 0 0 0 0 0 0 0 0 0 0 0 0 
0 0 0 0 0 0 0 0 0 0 0 0 0 0 0 0 0 0 0 0 0 0 
0 0 0 0 0 0 0 0 0 0 0 0 0 0 0 0 0 0 0 0 0 0 
0 0 0 0 0 0 0 0 0 0 0 0 0 0 0 0 0 0 0 0 0 0 
0 0 0 0 0 0 0 0 0 0 0 0 0 0 0 0 0 0 0 0 0 0 
0 0 0 0 0 0 0 0 0 0 0 0 0 0 0 0 0 0 0 0 0 0 
0 0 0 0 V < 0 0 0 0 0 0 0 0 0 0 0 0 0 0 0 0 
0 0 D < V U < < 0 0 0 0 U V 0 0 0 0 0 0 0 0 
0 V < A > > V A < 0 0 > A > V 0 0 0 0 0 0 0 
0 V > A 0 0 V > A 0 0 A 0 0 V 0 0 0 0 0 0 0 
0 V A 0 0 V < A 0 0 0 A < < V 0 0 0 0 0 0 0 
0 V A 0 V < > A 0 0 0 0 0 A < 0 0 0 0 0 0 0 
0 V A < < > A 0 0 0 0 0 0 0 0 0 0 0 0 0 0 0 
0 > V 0 > A 0 0 0 0 0 0 0 0 0 0 0 0 0 0 0 0 
0 0 > > A 0 0 0 0 0 0 0 0 0 0 0 0 0 0 0 0 0 
0 0 0 0 0 0 0 0 0 0 0 0 0 0 0 0 0 0 0 0 0 0 
0 0 0 0 0 0 0 0 0 0 0 0 0 0 0 0 0 0 0 0 0 0 
level: 13
0 0 0 0 0 0 0 0 0 0 0 0 0 0 0 0 0 0 0 0 0 0 
0 0 0 0 0 0 0 0 0 0 0 0 0 0 0 0 0 0 0 0 0 0 
0 0 0 0 0 0 0 0 0 0 0 0 0 0 0 0 0 0 0 0 0 0 
0 0 0 0 0 0 0 0 0 0 0 0 0 0 0 0 0 0 0 0 0 0 
0 0 0 0 0 0 0 0 0 0 0 0 0 0 0 0 0 0 0 0 0 0 
0 0 0 0 0 0 0 0 0 0 0 0 0 0 0 0 0 0 0 0 0 0 
0 0 0 > V 0 0 0 0 0 0 0 0 0 0 0 0 0 0 0 0 0 
0 0 0 D V 0 0 0 0 0 0 0 0 0 0 0 0 0 0 0 0 0 
0 0 > A V > V 0 0 0 0 0 0 0 0 0 0 0 0 0 0 0 
0 > U V < A > V 0 0 0 0 0 0 0 0 0 0 0 0 0 0 
0 A V < 0 A 0 V 0 0 0 0 0 0 0 0 0 0 0 0 0 0 
0 A V 0 0 A V < 0 0 0 0 0 0 0 0 0 0 0 0 0 0 
0 A V 0 > A V 0 0 0 0 0 0 0 0 0 0 0 0 0 0 0 
0 A > > A V < 0 0 0 0 0 0 0 0 0 0 0 0 0 0 0 
0 A < 0 V < 0 0 0 0 0 0 0 0 0 0 0 0 0 0 0 0 
0 0 A < < 0 0 0 0 0 0 0 0 0 0 0 0 0 0 0 0 0 
0 0 0 0 0 0 0 0 0 0 0 0 0 0 0 0 0 0 0 0 0 0 
0 0 0 0 0 0 0 0 0 0 0 0 0 0 0 0 0 0 0 0 0 0 
level: 14
0 0 0 0 0 0 0 0 0 0 0 0 0 0 0 0 0 0 0 0 0 0 
0 0 0 0 0 0 0 0 0 0 0 0 0 0 0 0 0 0 0 0 0 0 
0 0 0 0 0 0 0 0 0 0 0 0 0 0 0 0 0 0 0 0 0 0 
0 0 0 V < 0 0 0 0 0 0 0 0 0 0 0 0 0 0 0 0 0 
0 0 0 D A < 0 0 0 0 0 0 0 0 0 0 0 0 0 0 0 0 
0 0 0 V 0 A 0 0 0 0 0 0 0 0 0 0 0 0 0 0 0 0 
0 0 0 U 0 A 0 0 0 0 0 0 0 0 0 0 0 0 0 0 0 0 
0 0 0 V 0 A 0 V < 0 0 0 0 0 0 0 0 0 0 0 0 0 
0 0 V < 0 A < < A 0 0 0 0 0 0 0 0 0 0 0 0 0 
0 V < 0 0 0 0 > A 0 0 0 0 0 0 0 0 0 0 0 0 0 
0 > > > > V > A 0 0 0 0 0 0 0 0 0 0 0 0 0 0 
0 V < 0 V < A 0 0 0 0 0 0 0 0 0 0 0 0 0 0 0 
0 V A < V > A 0 0 0 0 0 0 0 0 0 0 0 0 0 0 0 
0 > V A < A 0 0 0 0 0 0 0 0 0 0 0 0 0 0 0 0 
0 0 > V > A 0 0 0 0 0 0 0 0 0 0 0 0 0 0 0 0 
0 0 0 > A 0 0 0 0 0 0 0 0 0 0 0 0 0 0 0 0 0 
0 0 0 0 0 0 0 0 0 0 0 0 0 0 0 0 0 0 0 0 0 0 
0 0 0 0 0 0 0 0 0 0 0 0 0 0 0 0 0 0 0 0 0 0 
level: 15
0 0 0 0 0 0 0 0 0 0 0 0 0 0 0 0 0 0 0 0 0 0 
0 0 0 D V 0 0 0 0 0 0 0 0 0 0 0 0 0 0 0 0 0 
0 0 0 A > V 0 0 0 0 0 0 0 0 0 0 0 0 0 0 0 0 
0 0 > A 0 V 0 0 0 0 0 0 0 0 0 0 0 0 0 0 0 0 
0 0 A < 0 V 0 0 0 0 0 0 0 0 0 0 0 0 0 0 0 0 
0 0 0 U 0 V 0 0 0 0 0 0 0 0 0 0 0 0 0 0 0 0 
0 0 0 A 0 V 0 0 D > V 0 0 0 0 0 0 0 0 0 0 0 
0 0 0 A 0 > > > A V < 0 0 0 0 0 0 0 0 0 0 0 
0 0 0 A < < 0 0 V < 0 0 0 0 0 0 0 0 0 0 0 0 
0 0 > > V A V < < 0 0 0 0 0 0 0 0 0 0 0 0 0 
0 0 A V < A V 0 0 0 0 0 0 0 0 0 0 0 0 0 0 0 
0 0 A > > A V 0 0 0 0 0 0 0 0 0 0 0 0 0 0 0 
0 0 A < < V < 0 0 0 0 0 0 0 0 0 0 0 0 0 0 0 
0 0 0 0 A < 0 0 0 0 0 0 0 0 0 0 0 0 0 0 0 0 
0 0 0 0 0 0 0 0 0 0 0 0 0 0 0 0 0 0 0 0 0 0 
0 0 0 0 0 0 0 0 0 0 0 0 0 0 0 0 0 0 0 0 0 0 
0 0 0 0 0 0 0 0 0 0 0 0 0 0 0 0 0 0 0 0 0 0 
0 0 0 0 0 0 0 0 0 0 0 0 0 0 0 0 0 0 0 0 0 0 
level: 16
0 0 0 0 0 0 0 0 0 0 0 0 0 0 0 0 0 0 0 0 0 0 
0 0 0 V U 0 0 0 0 0 0 0 0 0 0 0 0 0 0 0 0 0 
0 0 V < A < 0 0 0 0 0 0 0 0 0 0 0 0 0 0 0 0 
0 0 > > D A 0 0 0 0 0 0 0 0 0 0 0 0 0 0 0 0 
0 0 V < < A 0 0 0 0 0 0 0 0 0 0 0 0 0 0 0 0 
0 0 > V > A 0 0 0 0 V D 0 0 0 0 0 0 0 0 0 0 
0 0 0 V A 0 0 0 V U < A 0 0 0 0 0 0 0 0 0 0 
0 0 0 > A 0 V < < > > A 0 0 0 0 0 0 0 0 0 0 
0 0 0 0 0 0 V 0 0 A 0 0 0 0 0 0 0 0 0 0 0 0 
0 0 0 0 0 0 > > > A 0 0 0 0 0 0 0 0 0 0 0 0 
0 0 0 0 0 0 0 0 0 0 0 0 0 0 0 0 0 0 0 0 0 0 
0 0 0 0 0 0 0 0 0 0 0 0 0 0 0 0 0 0 0 0 0 0 
0 0 0 0 0 0 0 0 0 0 0 0 0 0 0 0 0 0 0 0 0 0 
0 0 0 0 0 0 0 0 0 0 0 0 0 0 0 0 0 0 0 0 0 0 
0 0 0 0 0 0 0 0 0 0 0 0 0 0 0 0 0 0 0 0 0 0 
0 0 0 0 0 0 0 0 0 0 0 0 0 0 0 0 0 0 0 0 0 0 
0 0 0 0 0 0 0 0 0 0 0 0 0 0 0 0 0 0 0 0 0 0 
0 0 0 0 0 0 0 0 0 0 0 0 0 0 0 0 0 0 0 0 0 0 
level: 17
0 0 0 0 0 0 0 0 0 0 0 0 0 0 0 0 0 0 0 0 0 0 
0 0 0 0 0 0 0 0 0 0 0 0 0 0 0 0 0 0 0 0 0 0 
0 0 0 V < 0 0 0 0 0 0 0 0 0 0 0 0 0 0 0 0 0 
0 0 0 V A 0 0 0 0 0 0 0 0 0 0 0 0 0 0 0 0 0 
0 0 0 V U 0 0 0 0 0 0 0 0 0 0 0 0 0 0 0 0 0 
0 0 0 > A 0 0 0 0 > U V 0 0 0 0 0 0 0 0 0 0 
0 0 0 0 0 0 0 0 D A V < 0 0 0 0 0 0 0 0 0 0 
0 0 0 0 0 0 0 > A V < 0 0 0 0 0 0 0 0 0 0 0 
0 0 0 0 0 0 0 A < < 0 0 0 0 0 0 0 0 0 0 0 0 
0 0 0 0 0 0 0 0 0 0 0 0 0 0 0 0 0 0 0 0 0 0 
0 0 0 0 0 0 0 0 0 0 0 0 0 0 0 0 0 0 0 0 0 0 
0 0 0 0 0 0 0 0 0 0 0 0 0 0 0 0 0 0 0 0 0 0 
0 0 0 0 0 0 0 0 0 0 0 0 0 0 0 0 0 0 0 0 0 0 
0 0 0 0 0 0 0 0 0 0 0 0 0 0 0 0 0 0 0 0 0 0 
0 0 0 0 0 0 0 0 0 0 0 0 0 0 0 0 0 0 0 0 0 0 
0 0 0 0 0 0 0 0 0 0 0 0 0 0 0 0 0 0 0 0 0 0 
0 0 0 0 0 0 0 0 0 0 0 0 0 0 0 0 0 0 0 0 0 0 
0 0 0 0 0 0 0 0 0 0 0 0 0 0 0 0 0 0 0 0 0 0 
level: 18
0 0 0 0 0 0 0 0 0 0 0 0 0 0 0 0 0 0 0 0 0 0 
0 0 0 0 0 0 0 0 0 0 0 0 0 0 0 0 0 0 0 0 0 0 
0 0 0 0 0 0 0 0 0 0 0 0 0 0 0 0 0 0 0 0 0 0 
0 0 0 0 0 0 0 0 0 0 0 0 0 0 0 0 0 0 0 0 0 0 
0 0 0 0 0 0 0 0 0 0 0 0 0 0 0 0 0 0 0 0 0 0 
0 0 0 0 0 0 0 0 0 0 0 0 0 0 0 0 0 0 0 0 0 0 
0 0 0 0 0 0 0 0 V U < 0 0 0 0 0 0 0 0 0 0 0 
0 0 0 0 0 0 0 0 > > A 0 0 0 0 0 0 0 0 0 0 0 
0 0 0 0 0 0 0 0 0 0 0 0 0 0 0 0 0 0 0 0 0 0 
0 0 0 0 0 0 0 0 0 0 0 0 0 0 0 0 0 0 0 0 0 0 
0 0 0 0 0 0 0 0 0 0 0 0 0 0 0 0 0 0 0 0 0 0 
0 0 0 0 0 0 0 0 0 0 0 0 0 0 0 0 0 0 0 0 0 0 
0 0 0 0 0 0 0 0 0 0 0 0 0 0 0 0 0 0 0 0 0 0 
0 0 0 0 0 0 0 0 0 0 0 0 0 0 0 0 0 0 0 0 0 0 
0 0 0 0 0 0 0 0 0 0 0 0 0 0 0 0 0 0 0 0 0 0 
0 0 0 0 0 0 0 0 0 0 0 0 0 0 0 0 0 0 0 0 0 0 
0 0 0 0 0 0 0 0 0 0 0 0 0 0 0 0 0 0 0 0 0 0 
0 0 0 0 0 0 0 0 0 0 0 0 0 0 0 0 0 0 0 0 0 0 
