level: 0
0 0 0 0 0 0 0 0 0 0 0 0 0 0 0 0 0 0 
0 D < < < < < < < < < < < < < < < 0 
0 > > > > > > V > > > > > > > > A 0 
0 0 0 0 0 0 0 V A 0 0 0 0 0 0 0 0 0 
0 0 0 0 0 0 0 V A 0 0 0 0 0 0 0 0 0 
0 0 0 0 0 0 0 V A 0 0 0 0 0 0 0 0 0 
0 0 0 0 0 0 0 V A 0 0 0 0 0 0 0 0 0 
0 0 0 0 0 0 0 V A 0 0 0 0 0 0 0 0 0 
0 0 0 0 0 0 0 V A 0 0 0 0 0 0 0 0 0 
0 0 0 0 0 0 0 V A < < < < < < < < 0 
0 0 0 0 0 0 0 > > > > > > > > > A 0 
0 0 0 0 0 0 0 0 0 0 0 0 0 0 0 0 0 0 
level: 1
0 0 0 0 0 0 0 0 0 0 0 0 0 0 0 0 0 0 
0 D > > > > > > > > > > > > > > V 0 
0 U < < < < < < V < < < < < < < < 0 
0 0 0 0 0 0 0 A V 0 0 0 0 0 0 0 0 0 
0 0 0 0 0 0 0 A V 0 0 0 0 0 0 0 0 0 
0 0 0 0 0 0 0 A V 0 0 0 0 0 0 0 0 0 
0 0 0 0 0 0 0 A V 0 0 0 0 0 0 0 0 0 
0 0 0 0 0 0 0 A V 0 0 0 0 0 0 0 0 0 
0 0 0 0 0 0 0 A V 0 0 0 0 0 0 0 0 0 
0 0 0 0 0 0 0 A > > > > > > > > V 0 
0 0 0 0 0 0 0 A < < < < < < < < < 0 
0 0 0 0 0 0 0 0 0 0 0 0 0 0 0 0 0 0 
level: 2
0 0 0 0 0 0 0 0 0 0 0 0 0 0 0 0 0 0 
0 D U < < < < < < 0 0 0 0 0 0 0 0 0 
0 > > > > > > V A 0 0 0 0 0 0 0 0 0 
0 0 0 0 0 0 0 V A 0 0 0 0 0 0 0 0 0 
0 0 0 0 0 0 0 V A 0 0 0 0 0 0 0 0 0 
0 0 0 0 0 0 0 V A 0 0 0 0 0 0 0 0 0 
0 0 0 0 0 0 0 V A 0 0 0 0 0 0 0 0 0 
0 0 0 0 0 0 0 V A 0 0 0 0 0 0 0 0 0 
0 0 0 0 0 0 0 V A 0 0 0 0 0 0 0 0 0 
0 0 0 0 0 0 0 V A 0 0 0 0 0 0 0 0 0 
0 0 0 0 0 0 0 > A 0 0 0 0 0 0 0 0 0 
0 0 0 0 0 0 0 0 0 0 0 0 0 0 0 0 0 0 
level: 3
0 0 0 0 0 0 0 0 0 0 0 0 0 0 0 0 0 0 
0 D > > > > > > V 0 0 0 0 0 0 0 0 0 
0 U < < < < < < V 0 0 0 0 0 0 0 0 0 
0 0 0 0 0 0 0 A V 0 0 0 0 0 0 0 0 0 
0 0 0 0 0 0 0 A V 0 0 0 0 0 0 0 0 0 
0 0 0 0 0 0 0 A V 0 0 0 0 0 0 0 0 0 
0 0 0 0 0 0 0 A V 0 0 0 0 0 0 0 0 0 
0 0 0 0 0 0 0 A V 0 0 0 0 0 0 0 0 0 
0 0 0 0 0 0 0 A V 0 0 0 0 0 0 0 0 0 
0 0 0 0 0 0 0 A V 0 0 0 0 0 0 0 0 0 
0 0 0 0 0 0 0 A < 0 0 0 0 0 0 0 0 0 
0 0 0 0 0 0 0 0 0 0 0 0 0 0 0 0 0 0 
level: 4
0 0 0 0 0 0 0 0 0 0 0 0 0 0 0 0 0 0 
0 D U < < < < < < 0 0 0 0 0 0 0 0 0 
0 > > > > > > V A 0 0 0 0 0 0 0 0 0 
0 0 0 0 0 0 0 V A 0 0 0 0 0 0 0 0 0 
0 0 0 0 0 0 0 V A 0 0 0 0 0 0 0 0 0 
0 0 0 0 0 0 0 V A 0 0 0 0 0 0 0 0 0 
0 0 0 0 0 0 0 V A 0 0 0 0 0 0 0 0 0 
0 0 0 0 0 0 0 V A 0 0 0 0 0 0 0 0 0 
0 0 0 0 0 0 0 V A 0 0 0 0 0 0 0 0 0 
0 0 0 0 0 0 0 V A 0 0 0 0 0 0 0 0 0 
0 0 0 0 0 0 0 > A 0 0 0 0 0 0 0 0 0 
0 0 0 0 0 0 0 0 0 0 0 0 0 0 0 0 0 0 
level: 5
0 0 0 0 0 0 0 0 0 0 0 0 0 0 0 0 0 0 
0 D > > > > > > V 0 0 0 0 0 0 0 0 0 
0 U < < < < < < V 0 0 0 0 0 0 0 0 0 
0 0 0 0 0 0 0 A V 0 0 0 0 0 0 0 0 0 
0 0 0 0 0 0 0 A V 0 0 0 0 0 0 0 0 0 
0 0 0 0 0 0 0 A V 0 0 0 0 0 0 0 0 0 
0 0 0 0 0 0 0 A V 0 0 0 0 0 0 0 0 0 
0 0 0 0 0 0 0 A V 0 0 0 0 0 0 0 0 0 
0 0 0 0 0 0 0 A V 0 0 0 0 0 0 0 0 0 
0 0 0 0 0 0 0 A V 0 0 0 0 0 0 0 0 0 
0 0 0 0 0 0 0 A < 0 0 0 0 0 0 0 0 0 
0 0 0 0 0 0 0 0 0 0 0 0 0 0 0 0 0 0 
level: 6
0 0 0 0 0 0 0 0 0 0 0 0 0 0 0 0 0 0 
0 D U < < < < < < 0 0 0 0 0 0 0 0 0 
0 > > > > > > V A 0 0 0 0 0 0 0 0 0 
0 0 0 0 0 0 0 V A 0 0 0 0 0 0 0 0 0 
0 0 0 0 0 0 0 V A 0 0 0 0 0 0 0 0 0 
0 0 0 0 0 0 0 V A 0 0 0 0 0 0 0 0 0 
0 0 0 0 0 0 0 V A 0 0 0 0 0 0 0 0 0 
0 0 0 0 0 0 0 V A 0 0 0 0 0 0 0 0 0 
0 0 0 0 0 0 0 V A 0 0 0 0 0 0 0 0 0 
0 0 0 0 0 0 0 V A 0 0 0 0 0 0 0 0 0 
0 0 0 0 0 0 0 > A 0 0 0 0 0 0 0 0 0 
0 0 0 0 0 0 0 0 0 0 0 0 0 0 0 0 0 0 
level: 7
0 0 0 0 0 0 0 0 0 0 0 0 0 0 0 0 0 0 
0 D > > > > > > V 0 0 0 0 0 0 0 0 0 
0 U < < < < < < V 0 0 0 0 0 0 0 0 0 
0 0 0 0 0 0 0 A V 0 0 0 0 0 0 0 0 0 
0 0 0 0 0 0 0 A V 0 0 0 0 0 0 0 0 0 
0 0 0 0 0 0 0 A V 0 0 0 0 0 0 0 0 0 
0 0 0 0 0 0 0 A V 0 0 0 0 0 0 0 0 0 
0 0 0 0 0 0 0 A V 0 0 0 0 0 0 0 0 0 
0 0 0 0 0 0 0 A V 0 0 0 0 0 0 0 0 0 
0 0 0 0 0 0 0 A V 0 0 0 0 0 0 0 0 0 
0 0 0 0 0 0 0 A < 0 0 0 0 0 0 0 0 0 
0 0 0 0 0 0 0 0 0 0 0 0 0 0 0 0 0 0 
level: 8
0 0 0 0 0 0 0 0 0 0 0 0 0 0 0 0 0 0 
0 D U < < < < < < < < < < < < < < 0 
0 > > > > > > V > > > > > > > > A 0 
0 0 0 0 0 0 0 V A 0 0 0 0 0 0 0 0 0 
0 0 0 0 0 0 0 V A 0 0 0 0 0 0 0 0 0 
0 0 0 0 0 0 0 V A 0 0 0 0 0 0 0 0 0 
0 0 0 0 0 0 0 V A 0 0 0 0 0 0 0 0 0 
0 0 0 0 0 0 0 V A 0 0 0 0 0 0 0 0 0 
0 0 0 0 0 0 0 V A 0 0 0 0 0 0 0 0 0 
0 0 0 0 0 0 0 V A < < < < < < < < 0 
0 0 0 0 0 0 0 > > > > > > > > > A 0 
0 0 0 0 0 0 0 0 0 0 0 0 0 0 0 0 0 0 
level: 9
0 0 0 0 0 0 0 0 0 0 0 0 0 0 0 0 0 0 
0 > > > > > > > > > > > > > > > V 0 
0 U < < < < < < V < < < < < < < < 0 
0 0 0 0 0 0 0 A V 0 0 0 0 0 0 0 0 0 
0 0 0 0 0 0 0 A V 0 0 0 0 0 0 0 0 0 
0 0 0 0 0 0 0 A V 0 0 0 0 0 0 0 0 0 
0 0 0 0 0 0 0 A V 0 0 0 0 0 0 0 0 0 
0 0 0 0 0 0 0 A V 0 0 0 0 0 0 0 0 0 
0 0 0 0 0 0 0 A V 0 0 0 0 0 0 0 0 0 
0 0 0 0 0 0 0 A > > > > > > > > V 0 
0 0 0 0 0 0 0 A < < < < < < < < < 0 
0 0 0 0 0 0 0 0 0 0 0 0 0 0 0 0 0 0 
