level: 0
0 0 0 0 0 0 0 0 0 0 0 0 0 0 0 0 0 0 0 
0 0 0 0 0 0 0 0 0 0 0 0 0 0 0 0 0 0 0 
0 0 0 0 0 0 0 0 0 0 0 0 0 0 0 0 0 0 0 
0 0 0 0 0 0 0 0 0 0 0 0 0 0 0 0 0 0 0 
0 0 0 0 0 0 0 0 0 0 0 0 0 0 0 0 0 0 0 
0 0 0 0 0 0 0 0 0 0 0 0 0 0 0 0 0 0 0 
0 0 0 0 0 0 0 0 0 0 0 0 0 0 0 0 0 0 0 
0 0 0 0 0 0 0 0 0 0 0 0 0 0 0 0 0 0 0 
0 0 0 0 0 0 0 0 0 0 0 0 0 0 0 0 0 0 0 
0 0 0 0 0 0 0 0 0 0 D < 0 0 0 0 0 0 0 
0 0 0 0 0 0 0 0 0 0 V A 0 0 0 0 0 0 0 
0 0 0 0 0 0 0 0 0 0 > A 0 0 0 0 0 0 0 
0 0 0 0 0 0 0 0 0 0 0 0 0 0 0 0 0 0 0 
0 0 0 0 0 0 0 0 0 0 0 0 0 0 0 0 0 0 0 
0 0 0 0 0 0 0 0 0 0 0 0 0 0 0 0 0 0 0 
0 0 0 0 0 0 0 0 0 0 0 0 0 0 0 0 0 0 0 
0 0 0 0 0 0 0 0 0 0 0 0 0 0 0 0 0 0 0 
0 0 0 0 0 0 0 0 0 0 0 0 0 0 0 0 0 0 0 
0 0 0 0 0 0 0 0 0 0 0 0 0 0 0 0 0 0 0 
0 0 0 0 0 0 0 0 0 0 0 0 0 0 0 0 0 0 0 
0 0 0 0 0 0 0 0 0 0 0 0 0 0 0 0 0 0 0 
0 0 0 0 0 0 0 0 0 0 0 0 0 0 0 0 0 0 0 
0 0 0 0 0 0 0 0 0 0 0 0 0 0 0 0 0 0 0 
0 0 0 0 0 0 0 0 0 0 0 0 0 0 0 0 0 0 0 
0 0 0 0 0 0 0 0 0 0 0 0 0 0 0 0 0 0 0 
0 0 0 0 0 0 0 0 0 0 0 0 0 0 0 0 0 0 0 
0 0 0 0 0 0 0 0 0 0 0 0 0 0 0 0 0 0 0 
0 0 0 0 0 0 0 0 0 0 0 0 0 0 0 0 0 0 0 
0 0 0 0 0 0 0 0 0 0 0 0 0 0 0 0 0 0 0 
0 0 0 0 0 0 0 0 0 0 0 0 0 0 0 0 0 0 0 
0 0 0 0 0 0 0 0 0 0 0 0 0 0 0 0 0 0 0 
0 0 0 0 0 0 0 0 0 0 0 0 0 0 0 0 0 0 0 
0 0 0 0 0 0 0 0 0 0 0 0 0 0 0 0 0 0 0 
0 0 0 0 0 0 0 0 0 0 0 0 0 0 0 0 0 0 0 
0 0 0 0 0 0 0 0 0 0 0 0 0 0 0 0 0 0 0 
0 0 0 0 0 0 0 0 0 0 0 0 0 0 0 0 0 0 0 
0 0 0 0 0 0 0 0 0 0 0 0 0 0 0 0 0 0 0 
0 0 0 0 0 0 0 0 0 0 0 0 0 0 0 0 0 0 0 
0 0 0 0 0 0 0 0 0 0 0 0 0 0 0 0 0 0 0 
0 0 0 0 0 0 0 0 0 0 0 0 0 0 0 0 0 0 0 
0 0 0 0 0 0 0 0 0 0 0 0 0 0 0 0 0 0 0 
0 0 0 0 0 0 0 0 0 0 0 0 0 0 0 0 0 0 0 
0 0 0 0 0 0 0 0 0 0 0 0 0 0 0 0 0 0 0 
level: 1
0 0 0 0 0 0 0 0 0 0 0 0 0 0 0 0 0 0 0 
0 0 0 0 0 0 0 0 0 0 0 0 0 0 0 0 0 0 0 
0 0 0 0 0 0 0 0 0 0 0 0 0 0 0 0 0 0 0 
0 0 0 0 0 0 0 0 0 0 0 0 0 0 0 0 0 0 0 
0 0 0 0 0 > V 0 0 0 0 0 0 0 0 0 0 0 0 
0 0 0 0 > A V 0 0 0 0 0 0 0 0 0 0 0 0 
0 0 0 0 A 0 D 0 0 0 0 0 0 0 0 0 0 0 0 
0 0 0 0 A < < 0 0 0 0 0 0 0 0 0 0 0 0 
0 0 0 0 0 0 0 0 D V > V 0 0 0 0 0 0 0 
0 0 0 0 0 0 0 0 A V A V 0 0 0 0 0 0 0 
0 0 0 0 0 0 0 0 A > U V 0 0 0 0 0 0 0 
0 0 0 0 0 0 0 0 A < < < 0 0 0 0 0 0 0 
0 0 0 0 0 0 0 0 0 0 0 0 0 0 0 0 0 0 0 
0 0 0 0 0 0 0 0 0 0 0 0 0 0 0 0 0 0 0 
0 0 0 0 0 0 0 0 0 0 0 0 0 0 0 0 0 0 0 
0 0 0 0 0 0 0 0 0 0 0 0 0 0 0 0 0 0 0 
0 0 0 0 0 0 0 0 0 0 0 0 0 0 0 0 0 0 0 
0 0 0 0 0 0 0 0 0 0 0 0 0 0 0 0 0 0 0 
0 0 0 0 0 0 0 0 0 0 0 0 0 0 0 0 0 0 0 
0 0 0 D V 0 0 0 0 0 0 0 0 0 0 0 0 0 0 
0 0 > A V 0 0 0 0 0 0 0 0 0 0 0 0 0 0 
0 0 A 0 > V 0 0 0 0 0 0 0 0 0 0 0 0 0 
0 0 A 0 0 V 0 0 0 0 0 0 0 0 0 0 0 0 0 
0 0 A < < < 0 0 0 0 0 0 0 0 0 0 0 0 0 
0 0 0 0 0 0 0 0 0 0 0 0 0 0 0 0 0 0 0 
0 0 0 0 0 0 0 0 0 0 0 0 0 0 0 0 0 0 0 
0 0 0 0 0 0 0 0 0 0 0 0 0 0 0 0 0 0 0 
0 0 0 0 0 0 0 0 0 D V > V 0 0 0 0 0 0 
0 0 0 0 0 0 0 0 0 A V A V 0 0 0 0 0 0 
0 0 0 0 0 0 0 0 0 A V A V 0 0 0 0 0 0 
0 0 0 0 0 0 0 0 0 A > A V 0 0 0 0 0 0 
0 0 0 0 0 0 0 0 0 A < < < 0 0 0 0 0 0 
0 0 0 0 0 0 0 0 0 0 0 0 0 0 0 0 0 0 0 
0 0 0 0 0 0 0 0 0 0 0 0 0 0 0 0 0 0 0 
0 0 0 0 0 0 0 0 0 0 0 0 0 0 0 0 0 0 0 
0 0 0 0 0 0 0 0 0 0 0 0 0 0 0 0 0 0 0 
0 0 0 0 0 0 0 0 0 0 0 0 0 0 0 0 0 0 0 
0 0 0 0 0 0 0 0 0 0 0 0 0 0 0 0 0 0 0 
0 0 0 0 0 0 0 0 0 0 0 0 0 0 0 0 0 0 0 
0 0 0 0 0 0 0 0 0 0 0 0 0 0 0 0 0 0 0 
0 0 0 0 0 0 0 0 0 0 0 0 0 0 0 0 0 0 0 
0 0 0 0 0 0 0 0 0 0 0 0 0 0 0 0 0 0 0 
0 0 0 0 0 0 0 0 0 0 0 0 0 0 0 0 0 0 0 
level: 2
0 0 0 0 0 0 0 0 0 0 0 0 0 0 0 0 0 0 0 
0 0 0 0 0 0 0 0 0 0 0 0 0 0 0 0 0 0 0 
0 0 0 0 0 0 0 0 0 0 0 0 0 0 0 0 0 0 0 
0 0 0 0 0 D < 0 0 0 0 0 0 0 0 0 0 0 0 
0 0 0 0 V < A < 0 0 0 0 0 0 0 0 0 0 0 
0 0 0 V < 0 0 A 0 0 0 0 0 0 0 0 0 0 0 
0 0 0 V 0 0 > A 0 0 0 0 0 0 0 0 0 0 0 
0 0 0 > > > U 0 0 0 0 0 0 0 0 0 0 0 0 
0 0 0 0 0 0 0 0 D U V < 0 0 0 0 0 0 0 
0 0 0 0 0 0 0 0 V A V A 0 0 0 0 0 0 0 
0 0 0 0 0 0 0 0 V A < A 0 0 0 0 0 0 0 
0 0 0 0 0 0 0 0 > > > A 0 0 0 0 0 0 0 
0 0 0 0 0 0 0 0 0 0 0 0 0 0 0 0 0 0 0 
0 0 0 0 0 0 0 0 0 0 0 0 0 0 0 0 0 0 0 
0 0 0 0 0 0 0 0 0 0 0 0 0 0 0 0 0 0 0 
0 0 0 0 0 0 0 0 0 0 0 0 0 0 0 0 0 0 0 
0 0 0 0 0 0 0 0 0 0 0 0 0 0 0 0 0 0 0 
0 0 0 0 0 0 0 0 0 0 0 0 0 0 0 0 0 0 0 
0 0 V < 0 0 0 0 0 0 0 0 0 0 0 0 0 0 0 
0 D < A U 0 0 0 0 0 0 0 0 0 0 0 0 0 0 
0 > > V A < 0 0 0 0 0 0 0 0 0 0 0 0 0 
0 V < > V A 0 0 0 0 0 0 0 0 0 0 0 0 0 
0 V A < < A 0 0 0 0 0 0 0 0 0 0 0 0 0 
0 > > > > A 0 0 0 0 0 0 0 0 0 0 0 0 0 
0 0 0 0 0 0 0 0 0 0 0 0 0 0 0 0 0 0 0 
0 0 0 0 0 0 0 0 0 0 0 0 0 0 0 0 0 0 0 
0 0 0 0 0 0 0 0 0 0 0 0 0 0 0 0 0 0 0 
0 0 0 0 0 0 0 0 0 D U V < 0 0 0 0 0 0 
0 0 0 0 0 0 0 0 0 V A V A 0 0 0 0 0 0 
0 0 0 0 0 0 0 0 0 V A V A 0 0 0 0 0 0 
0 0 0 0 0 0 0 0 0 V A < A 0 0 0 0 0 0 
0 0 0 0 0 0 0 0 0 > > > A 0 0 0 0 0 0 
0 0 0 0 0 0 0 0 0 0 0 0 0 0 0 0 0 0 0 
0 0 0 0 0 0 0 0 0 0 0 0 0 0 0 0 0 0 0 
0 0 0 0 0 0 0 0 0 0 0 0 0 0 0 0 0 0 0 
0 0 0 0 0 0 0 0 0 0 0 0 0 0 0 0 0 0 0 
0 0 0 0 0 0 0 0 0 0 0 0 0 0 0 0 0 0 0 
0 0 0 0 0 0 0 0 0 0 0 0 0 0 0 0 0 0 0 
0 0 0 0 0 0 0 0 0 0 0 0 0 0 0 0 0 0 0 
0 0 0 0 0 0 0 0 0 0 0 0 0 0 0 0 0 0 0 
0 0 0 0 0 0 0 0 0 0 0 0 0 0 0 0 0 0 0 
0 0 0 0 0 0 0 0 0 0 0 0 0 0 0 0 0 0 0 
0 0 0 0 0 0 0 0 0 0 0 0 0 0 0 0 0 0 0 
level: 3
0 0 0 0 0 0 0 0 0 0 0 0 0 0 0 0 0 0 0 
0 0 0 0 0 0 0 0 0 0 0 0 0 0 0 0 0 0 0 
0 0 0 0 0 0 0 0 0 0 0 0 0 0 0 0 0 0 0 
0 0 0 0 0 > V 0 0 0 0 0 0 0 0 0 0 0 0 
0 0 0 0 D U V 0 0 0 0 0 0 0 0 0 0 0 0 
0 0 0 0 A 0 V 0 0 0 0 0 0 0 0 0 0 0 0 
0 0 0 0 A 0 V 0 0 0 0 0 0 0 0 0 0 0 0 
0 0 0 0 A < < 0 0 0 0 0 0 0 0 0 0 0 0 
0 0 0 0 0 0 0 0 > D V 0 0 0 0 0 0 0 0 
0 0 0 0 0 0 0 0 U 0 > V 0 0 0 0 0 0 0 
0 0 0 0 0 0 0 0 A < 0 V 0 0 0 0 0 0 0 
0 0 0 0 0 0 0 0 0 A < < 0 0 0 0 0 0 0 
0 0 0 0 0 0 0 0 0 0 0 0 0 0 0 0 0 0 0 
0 0 0 0 0 0 0 0 0 0 0 0 0 0 0 0 0 0 0 
0 0 0 0 0 0 0 0 0 0 0 0 0 0 0 0 0 0 0 
0 0 0 0 0 0 0 0 0 0 0 0 0 0 0 0 0 0 0 
0 0 0 0 0 0 0 0 0 0 0 0 0 0 0 0 0 0 0 
0 0 0 0 0 0 0 0 0 0 0 0 0 0 0 0 0 0 0 
0 0 0 0 0 0 0 0 0 0 0 0 0 0 0 0 0 0 0 
0 > D > V 0 0 0 0 0 0 0 0 0 0 0 0 0 0 
0 U < 0 > V 0 0 0 0 0 0 0 0 0 0 0 0 0 
0 0 A V < < 0 0 0 0 0 0 0 0 0 0 0 0 0 
0 0 A > > V 0 0 0 0 0 0 0 0 0 0 0 0 0 
0 0 A < < < 0 0 0 0 0 0 0 0 0 0 0 0 0 
0 0 0 0 0 0 0 0 0 0 0 0 0 0 0 0 0 0 0 
0 0 0 0 0 0 0 0 0 0 0 0 0 0 0 0 0 0 0 
0 0 0 0 0 0 0 0 0 0 0 0 0 0 0 0 0 0 0 
0 0 0 0 0 0 0 0 0 D > V 0 0 0 0 0 0 0 
0 0 0 0 0 0 0 0 0 U 0 > V 0 0 0 0 0 0 
0 0 0 0 0 0 0 0 0 A 0 0 V 0 0 0 0 0 0 
0 0 0 0 0 0 0 0 0 A 0 V < 0 0 0 0 0 0 
0 0 0 0 0 0 0 0 0 A < < 0 0 0 0 0 0 0 
0 0 0 0 0 0 0 0 0 0 0 0 0 0 0 0 0 0 0 
0 0 0 0 0 0 0 0 0 0 0 0 0 0 0 0 0 0 0 
0 0 0 0 0 0 0 0 0 0 0 0 0 0 0 0 0 0 0 
0 0 0 0 0 0 0 0 0 0 0 0 0 0 0 0 0 0 0 
0 0 0 0 0 0 0 0 0 0 0 0 0 0 0 0 0 0 0 
0 0 0 0 0 0 0 0 0 0 0 0 0 0 0 0 0 0 0 
0 0 0 0 0 0 0 0 0 0 0 0 0 0 0 0 0 0 0 
0 0 0 0 0 0 0 0 0 0 0 0 0 0 0 0 0 0 0 
0 0 0 0 0 0 0 0 0 0 0 0 0 0 0 0 0 0 0 
0 0 0 0 0 0 0 0 0 0 0 0 0 0 0 0 0 0 0 
0 0 0 0 0 0 0 0 0 0 0 0 0 0 0 0 0 0 0 
level: 4
0 0 0 0 0 0 0 0 0 0 0 0 0 0 0 0 0 0 0 
0 0 0 0 0 0 0 0 0 0 0 0 0 0 0 0 0 0 0 
0 0 0 0 0 0 0 0 0 0 0 0 0 0 0 0 0 0 0 
0 0 0 0 0 0 0 0 0 0 0 0 0 0 0 0 0 0 0 
0 0 0 0 D U < 0 0 0 0 0 0 0 0 0 0 0 0 
0 0 0 0 V 0 A 0 0 0 0 0 0 0 0 0 0 0 0 
0 0 0 0 V 0 A 0 0 0 0 0 0 0 0 0 0 0 0 
0 0 0 0 > > A 0 0 0 0 0 0 0 0 0 0 0 0 
0 0 0 0 0 0 0 0 0 D U 0 0 0 0 0 0 0 0 
0 0 0 0 0 0 0 0 0 V A < 0 0 0 0 0 0 0 
0 0 0 0 0 0 0 0 0 V 0 A 0 0 0 0 0 0 0 
0 0 0 0 0 0 0 0 0 > > A 0 0 0 0 0 0 0 
0 0 0 0 0 0 0 0 0 0 0 0 0 0 0 0 0 0 0 
0 0 0 0 0 0 0 0 0 0 0 0 0 0 0 0 0 0 0 
0 0 0 0 0 0 0 0 0 0 0 0 0 0 0 0 0 0 0 
0 0 0 0 0 0 0 0 0 0 0 0 0 0 0 0 0 0 0 
0 0 0 0 0 0 0 0 0 0 0 0 0 0 0 0 0 0 0 
0 0 0 0 0 0 0 0 0 0 0 0 0 0 0 0 0 0 0 
0 0 0 0 0 0 0 0 0 0 0 0 0 0 0 0 0 0 0 
0 0 V U D 0 0 0 0 0 0 0 0 0 0 0 0 0 0 
0 0 V 0 A < 0 0 0 0 0 0 0 0 0 0 0 0 0 
0 0 V 0 0 A 0 0 0 0 0 0 0 0 0 0 0 0 0 
0 0 > V > A 0 0 0 0 0 0 0 0 0 0 0 0 0 
0 0 0 > A 0 0 0 0 0 0 0 0 0 0 0 0 0 0 
0 0 0 0 0 0 0 0 0 0 0 0 0 0 0 0 0 0 0 
0 0 0 0 0 0 0 0 0 0 0 0 0 0 0 0 0 0 0 
0 0 0 0 0 0 0 0 0 0 0 0 0 0 0 0 0 0 0 
0 0 0 0 0 0 0 0 0 D U < 0 0 0 0 0 0 0 
0 0 0 0 0 0 0 0 0 V 0 A < 0 0 0 0 0 0 
0 0 0 0 0 0 0 0 0 V 0 0 A 0 0 0 0 0 0 
0 0 0 0 0 0 0 0 0 > V > A 0 0 0 0 0 0 
0 0 0 0 0 0 0 0 0 0 > A 0 0 0 0 0 0 0 
0 0 0 0 0 0 0 0 0 0 0 0 0 0 0 0 0 0 0 
0 0 0 0 0 0 0 0 0 0 0 0 0 0 0 0 0 0 0 
0 0 0 0 0 0 0 0 0 0 0 0 0 0 0 0 0 0 0 
0 0 0 0 0 0 0 0 0 0 0 0 0 0 0 0 0 0 0 
0 0 0 0 0 0 0 0 0 0 0 0 0 0 0 0 0 0 0 
0 0 0 0 0 0 0 0 0 0 0 0 0 0 0 0 0 0 0 
0 0 0 0 0 0 0 0 0 0 0 0 0 0 0 0 0 0 0 
0 0 0 0 0 0 0 0 D < < 0 0 0 0 0 0 0 0 
0 0 0 0 0 0 0 0 > V A 0 0 0 0 0 0 0 0 
0 0 0 0 0 0 0 0 0 > A 0 0 0 0 0 0 0 0 
0 0 0 0 0 0 0 0 0 0 0 0 0 0 0 0 0 0 0 
level: 5
0 0 0 0 0 0 0 0 0 0 0 0 0 0 0 0 0 0 0 
0 0 0 0 0 0 0 0 0 0 0 0 0 0 0 0 0 0 0 
0 0 0 0 0 0 0 0 0 0 0 0 0 0 0 0 0 0 0 
0 0 0 0 0 0 0 0 0 0 0 0 0 0 0 0 0 0 0 
0 0 0 0 > D V 0 0 0 0 0 0 0 0 0 0 0 0 
0 0 0 0 U 0 V 0 0 0 0 0 0 0 0 0 0 0 0 
0 0 0 0 A 0 > V 0 0 0 0 0 0 0 0 0 0 0 
0 0 0 0 A < < < 0 0 0 0 0 0 0 0 0 0 0 
0 0 0 0 0 0 0 0 0 > V 0 0 0 0 0 0 0 0 
0 0 0 0 0 0 0 0 0 U D V 0 0 0 0 0 0 0 
0 0 0 0 0 0 0 0 0 A 0 V 0 0 0 0 0 0 0 
0 0 0 0 0 0 0 0 0 A < < 0 0 0 0 0 0 0 
0 0 0 0 0 0 0 0 0 0 0 0 0 0 0 0 0 0 0 
0 0 0 0 0 0 0 0 0 0 0 0 0 0 0 0 0 0 0 
0 0 0 0 0 0 0 0 0 0 0 0 0 0 0 0 0 0 0 
0 0 0 0 0 0 0 0 0 0 0 0 0 0 0 0 0 0 0 
0 0 0 0 0 0 0 0 0 0 0 0 0 0 0 0 0 0 0 
0 0 0 0 0 0 0 0 0 0 0 0 0 0 0 0 0 0 0 
0 0 0 0 0 0 0 0 0 0 0 0 0 0 0 0 0 0 0 
0 0 0 U V 0 0 0 0 0 0 0 0 0 0 0 0 0 0 
0 0 D A > V 0 0 0 0 0 0 0 0 0 0 0 0 0 
0 0 A 0 0 V 0 0 0 0 0 0 0 0 0 0 0 0 0 
0 0 A < 0 V 0 0 0 0 0 0 0 0 0 0 0 0 0 
0 0 0 A < < 0 0 0 0 0 0 0 0 0 0 0 0 0 
0 0 0 0 0 0 0 0 0 0 0 0 0 0 0 0 0 0 0 
0 0 0 0 0 0 0 0 0 0 0 0 0 0 0 0 0 0 0 
0 0 0 0 0 0 0 0 0 0 0 0 0 0 0 0 0 0 0 
0 0 0 0 0 0 0 0 0 > D V 0 0 0 0 0 0 0 
0 0 0 0 0 0 0 0 0 U 0 > V 0 0 0 0 0 0 
0 0 0 0 0 0 0 0 0 A 0 V < 0 0 0 0 0 0 
0 0 0 0 0 0 0 0 0 A < < 0 0 0 0 0 0 0 
0 0 0 0 0 0 0 0 0 0 0 0 0 0 0 0 0 0 0 
0 0 0 0 0 0 0 0 0 0 0 0 0 0 0 0 0 0 0 
0 0 0 0 0 0 0 0 0 0 0 0 0 0 0 0 0 0 0 
0 0 0 0 0 0 0 0 0 0 0 0 0 0 0 0 0 0 0 
0 0 0 0 0 0 0 0 0 0 0 0 0 0 0 0 0 0 0 
0 0 0 0 0 0 0 0 0 0 0 0 0 0 0 0 0 0 0 
0 0 0 0 0 0 0 0 0 0 0 0 0 0 0 0 0 0 0 
0 0 0 0 0 0 0 0 0 0 0 0 0 0 0 0 0 0 0 
0 0 0 0 0 0 0 0 D > V 0 0 0 0 0 0 0 0 
0 0 0 0 0 0 0 0 U < V 0 0 0 0 0 0 0 0 
0 0 0 0 0 0 0 0 0 A < 0 0 0 0 0 0 0 0 
0 0 0 0 0 0 0 0 0 0 0 0 0 0 0 0 0 0 0 
level: 6
0 0 0 0 0 0 0 0 0 0 0 0 0 0 0 0 0 0 0 
0 0 0 0 0 0 0 0 0 0 0 0 0 0 0 0 0 0 0 
0 0 0 0 0 0 0 0 0 0 0 0 0 0 0 0 0 0 0 
0 0 0 0 0 0 0 0 0 0 0 0 0 0 0 0 0 0 0 
0 0 0 0 0 V U 0 0 0 0 0 0 0 0 0 0 0 0 
0 0 0 0 V < A D 0 0 0 0 0 0 0 0 0 0 0 
0 0 0 0 V 0 0 A 0 0 0 0 0 0 0 0 0 0 0 
0 0 0 0 > > > A 0 0 0 0 0 0 0 0 0 0 0 
0 0 0 0 0 0 0 0 0 0 0 0 0 0 0 0 0 0 0 
0 0 0 0 0 0 0 0 0 D < U 0 0 0 0 0 0 0 
0 0 0 0 0 0 0 0 0 V 0 A 0 0 0 0 0 0 0 
0 0 0 0 0 0 0 0 0 > > A 0 0 0 0 0 0 0 
0 0 0 0 0 0 0 0 0 0 0 0 0 0 0 0 0 0 0 
0 0 0 0 0 0 0 0 0 0 0 0 0 0 0 0 0 0 0 
0 0 0 0 0 0 0 0 0 0 0 0 0 0 0 0 0 0 0 
0 0 0 0 0 0 0 0 0 0 0 0 0 0 0 0 0 0 0 
0 0 0 0 0 0 0 0 0 0 0 0 0 0 0 0 0 0 0 
0 0 0 0 0 0 0 0 0 0 0 0 0 0 0 0 0 0 0 
0 0 0 0 0 0 0 0 0 0 0 0 0 0 0 0 0 0 0 
0 0 0 0 0 0 0 0 0 0 0 0 0 0 0 0 0 0 0 
0 0 V U D < 0 0 0 0 0 0 0 0 0 0 0 0 0 
0 0 V 0 0 A 0 0 0 0 0 0 0 0 0 0 0 0 0 
0 0 > V 0 A 0 0 0 0 0 0 0 0 0 0 0 0 0 
0 0 0 > > A 0 0 0 0 0 0 0 0 0 0 0 0 0 
0 0 0 0 0 0 0 0 0 0 0 0 0 0 0 0 0 0 0 
0 0 0 0 0 0 0 0 0 0 0 0 0 0 0 0 0 0 0 
0 0 0 0 0 0 0 0 0 D < 0 0 0 0 0 0 0 0 
0 0 0 0 0 0 0 0 0 V A U < 0 0 0 0 0 0 
0 0 0 0 0 0 0 0 0 V 0 0 A 0 0 0 0 0 0 
0 0 0 0 0 0 0 0 0 V 0 > A 0 0 0 0 0 0 
0 0 0 0 0 0 0 0 0 > > A 0 0 0 0 0 0 0 
0 0 0 0 0 0 0 0 0 0 0 0 0 0 0 0 0 0 0 
0 0 0 0 0 0 0 0 0 0 0 0 0 0 0 0 0 0 0 
0 0 0 0 0 0 0 0 0 0 0 0 0 0 0 0 0 0 0 
0 0 0 0 0 0 0 0 0 0 0 0 0 0 0 0 0 0 0 
0 0 0 0 0 0 0 0 0 0 0 0 0 0 0 0 0 0 0 
0 0 0 0 0 0 0 0 0 0 0 0 0 0 0 0 0 0 0 
0 0 0 0 0 0 0 0 0 0 0 0 0 0 0 0 0 0 0 
0 0 0 0 0 0 0 0 0 0 0 0 0 0 0 0 0 0 0 
0 0 0 0 0 0 0 0 D U < 0 0 0 0 0 0 0 0 
0 0 0 0 0 0 0 0 > V A 0 0 0 0 0 0 0 0 
0 0 0 0 0 0 0 0 0 > A 0 0 0 0 0 0 0 0 
0 0 0 0 0 0 0 0 0 0 0 0 0 0 0 0 0 0 0 
level: 7
0 0 0 0 0 0 0 0 0 0 0 0 0 0 0 0 0 0 0 
0 0 0 0 0 0 0 0 0 0 0 0 0 0 0 0 0 0 0 
0 0 0 0 0 0 0 0 0 0 0 0 0 0 0 0 0 0 0 
0 0 0 0 0 0 0 0 0 0 0 0 0 0 0 0 0 0 0 
0 0 0 0 0 0 0 0 0 0 0 0 0 0 0 0 0 0 0 
0 0 0 0 0 D U V 0 0 0 0 0 0 0 0 0 0 0 
0 0 0 0 > A 0 V 0 0 0 0 0 0 0 0 0 0 0 
0 0 0 0 A < < < 0 0 0 0 0 0 0 0 0 0 0 
0 0 0 0 0 0 0 0 0 0 0 0 0 0 0 0 0 0 0 
0 0 0 0 0 0 0 0 0 D > V 0 0 0 0 0 0 0 
0 0 0 0 0 0 0 0 0 U 0 > V 0 0 0 0 0 0 
0 0 0 0 0 0 0 0 0 A < < < 0 0 0 0 0 0 
0 0 0 0 0 0 0 0 0 0 0 0 0 0 0 0 0 0 0 
0 0 0 0 0 0 0 0 0 0 0 0 0 0 0 0 0 0 0 
0 0 0 0 0 0 0 0 0 0 0 0 0 0 0 0 0 0 0 
0 0 0 0 0 0 0 0 0 0 0 0 0 0 0 0 0 0 0 
0 0 0 0 0 0 0 0 0 0 0 0 0 0 0 0 0 0 0 
0 0 0 0 0 0 0 0 0 0 0 0 0 0 0 0 0 0 0 
0 0 0 0 0 0 0 0 0 0 0 0 0 0 0 0 0 0 0 
0 0 0 0 0 0 0 0 0 0 0 0 0 0 0 0 0 0 0 
0 0 0 U D V 0 0 0 0 0 0 0 0 0 0 0 0 0 
0 0 0 A 0 > V 0 0 0 0 0 0 0 0 0 0 0 0 
0 0 0 A 0 V < 0 0 0 0 0 0 0 0 0 0 0 0 
0 0 0 A < < 0 0 0 0 0 0 0 0 0 0 0 0 0 
0 0 0 0 0 0 0 0 0 0 0 0 0 0 0 0 0 0 0 
0 0 0 0 0 0 0 0 0 0 0 0 0 0 0 0 0 0 0 
0 0 0 0 0 0 0 0 0 D > V 0 0 0 0 0 0 0 
0 0 0 0 0 0 0 0 0 U 0 > V 0 0 0 0 0 0 
0 0 0 0 0 0 0 0 0 A 0 0 V 0 0 0 0 0 0 
0 0 0 0 0 0 0 0 0 A < < < 0 0 0 0 0 0 
0 0 0 0 0 0 0 0 0 0 0 0 0 0 0 0 0 0 0 
0 0 0 0 0 0 0 0 0 0 0 0 0 0 0 0 0 0 0 
0 0 0 0 0 0 0 0 0 0 0 0 0 0 0 0 0 0 0 
0 0 0 0 0 0 0 0 0 0 0 0 0 0 0 0 0 0 0 
0 0 0 0 0 0 0 0 0 0 0 0 0 0 0 0 0 0 0 
0 0 0 0 0 0 0 0 0 0 0 0 0 0 0 0 0 0 0 
0 0 0 0 0 0 0 0 0 0 0 0 0 0 0 0 0 0 0 
0 0 0 0 0 0 0 0 0 0 0 0 0 0 0 0 0 0 0 
0 0 0 0 0 0 0 0 0 0 0 0 0 0 0 0 0 0 0 
0 0 0 0 0 0 0 0 D V 0 0 0 0 0 0 0 0 0 
0 0 0 0 0 0 0 0 U < 0 0 0 0 0 0 0 0 0 
0 0 0 0 0 0 0 0 0 0 0 0 0 0 0 0 0 0 0 
0 0 0 0 0 0 0 0 0 0 0 0 0 0 0 0 0 0 0 
level: 8
0 0 0 0 0 0 0 0 0 0 0 0 0 0 0 0 0 0 0 
0 0 0 0 0 0 0 0 0 0 0 0 0 0 0 0 0 0 0 
0 0 0 0 0 0 0 0 0 0 0 0 0 0 0 0 0 0 0 
0 0 0 0 0 0 0 0 0 0 0 0 0 0 0 0 0 0 0 
0 0 0 0 0 0 0 0 0 0 0 0 0 0 0 0 0 0 0 
0 0 0 0 0 D U < 0 0 0 0 0 0 0 0 0 0 0 
0 0 0 0 V < 0 A 0 0 0 0 0 0 0 0 0 0 0 
0 0 0 0 > V 0 A 0 0 0 0 0 0 0 0 0 0 0 
0 0 0 0 0 V > A 0 0 0 0 0 0 0 0 0 0 0 
0 0 0 0 0 > A 0 0 V U < 0 0 0 0 0 0 0 
0 0 0 0 0 0 0 0 0 V 0 A < 0 0 0 0 0 0 
0 0 0 0 0 0 0 0 0 D 0 > A 0 0 0 0 0 0 
0 0 0 0 0 0 0 0 0 > > A 0 0 0 0 0 0 0 
0 0 0 0 0 0 0 0 0 0 0 0 0 0 0 0 0 0 0 
0 0 0 0 0 0 0 0 0 0 0 0 0 0 0 0 0 0 0 
0 0 0 0 0 0 0 0 0 0 0 0 0 0 0 0 0 0 0 
0 0 0 0 0 0 0 0 0 0 0 0 0 0 0 0 0 0 0 
0 0 0 0 0 0 0 0 0 0 0 0 0 0 0 0 0 0 0 
0 0 0 0 0 0 0 0 0 0 0 0 0 0 0 0 0 0 0 
0 0 0 0 0 0 0 0 0 0 0 0 0 0 0 0 0 0 0 
0 0 0 D < U 0 0 0 0 0 0 0 0 0 0 0 0 0 
0 0 0 V 0 A < 0 0 0 0 0 0 0 0 0 0 0 0 
0 0 0 V 0 0 A 0 0 0 0 0 0 0 0 0 0 0 0 
0 0 0 > > > A 0 0 0 0 0 0 0 0 0 0 0 0 
0 0 0 0 0 0 0 0 0 0 0 0 0 0 0 0 0 0 0 
0 0 0 0 0 0 0 0 0 0 0 0 0 0 0 0 0 0 0 
0 0 0 0 0 0 0 0 0 D U V < 0 0 0 0 0 0 
0 0 0 0 0 0 0 0 0 V A V A 0 0 0 0 0 0 
0 0 0 0 0 0 0 0 0 V A < A 0 0 0 0 0 0 
0 0 0 0 0 0 0 0 0 > > > A 0 0 0 0 0 0 
0 0 0 0 0 0 0 0 0 0 0 0 0 0 0 0 0 0 0 
0 0 0 0 0 0 0 0 0 0 0 0 0 0 0 0 0 0 0 
0 0 0 0 0 0 0 0 0 0 0 0 0 0 0 0 0 0 0 
0 0 0 0 0 0 0 0 0 0 0 0 0 0 0 0 0 0 0 
0 0 0 0 0 0 0 0 0 0 0 0 0 0 0 0 0 0 0 
0 0 0 0 0 0 0 0 0 0 0 0 0 0 0 0 0 0 0 
0 0 0 0 0 0 0 0 0 0 0 0 0 0 0 0 0 0 0 
0 0 0 0 0 0 0 0 0 0 0 0 0 0 0 0 0 0 0 
0 0 0 0 0 0 0 0 0 0 0 0 0 0 0 0 0 0 0 
0 0 0 0 0 0 0 D < U 0 0 0 0 0 0 0 0 0 
0 0 0 0 0 0 0 > V A 0 0 0 0 0 0 0 0 0 
0 0 0 0 0 0 0 0 > A 0 0 0 0 0 0 0 0 0 
0 0 0 0 0 0 0 0 0 0 0 0 0 0 0 0 0 0 0 
level: 9
0 0 0 0 0 0 0 0 0 0 0 0 0 0 0 0 0 0 0 
0 0 0 0 0 0 0 0 0 0 0 0 0 0 0 0 0 0 0 
0 0 0 0 0 0 0 0 0 0 0 0 0 0 0 0 0 0 0 
0 0 0 0 0 0 0 0 0 0 0 0 0 0 0 0 0 0 0 
0 0 0 0 0 0 0 0 0 0 0 0 0 0 0 0 0 0 0 
0 0 0 0 0 > D V 0 0 0 0 0 0 0 0 0 0 0 
0 0 0 0 > U 0 > V 0 0 0 0 0 0 0 0 0 0 
0 0 0 0 A * * * V 0 0 0 0 0 0 0 0 0 0 
0 0 0 0 A * * * V 0 0 0 0 0 0 0 0 0 0 
0 0 0 0 A < * * > > V > V 0 0 0 0 0 0 
0 0 0 0 0 A < < < 0 V A V 0 0 0 0 0 0 
0 0 0 0 0 0 0 0 A < > A V 0 0 0 0 0 0 
0 0 0 0 0 0 0 0 0 U 0 V < 0 0 0 0 0 0 
0 0 0 0 0 0 0 0 0 A < < 0 0 0 0 0 0 0 
0 0 0 0 0 0 0 0 0 0 0 0 0 0 0 0 0 0 0 
0 0 0 0 0 0 0 0 0 0 0 0 0 0 0 0 0 0 0 
0 0 0 0 0 0 0 0 0 0 0 0 0 0 0 0 0 0 0 
0 0 0 0 0 0 0 0 0 0 0 0 0 0 0 0 0 0 0 
0 0 0 0 0 0 0 0 0 0 0 0 0 0 0 0 0 0 0 
0 0 0 0 0 0 0 0 0 0 0 0 0 0 0 0 0 0 0 
0 0 0 D > V 0 0 0 0 0 0 0 0 0 0 0 0 0 
0 0 0 U 0 > V 0 0 0 0 0 0 0 0 0 0 0 0 
0 0 0 A 0 0 V 0 0 0 0 0 0 0 0 0 0 0 0 
0 0 0 A < < < 0 0 0 0 0 0 0 0 0 0 0 0 
0 0 0 0 0 0 0 0 0 0 0 0 0 0 0 0 0 0 0 
0 0 0 0 0 0 0 0 0 D > V 0 0 0 0 0 0 0 
0 0 0 0 0 0 0 0 0 A 0 > V 0 0 0 0 0 0 
0 0 0 0 0 0 0 0 0 U V < < 0 0 0 0 0 0 
0 0 0 0 0 0 0 0 0 A > > V 0 0 0 0 0 0 
0 0 0 0 0 0 0 0 0 A < < < 0 0 0 0 0 0 
0 0 0 0 0 0 0 0 0 0 0 0 0 0 0 0 0 0 0 
0 0 0 0 0 0 0 0 0 0 0 0 0 0 0 0 0 0 0 
0 0 0 0 0 0 0 0 0 0 0 0 0 0 0 0 0 0 0 
0 0 0 0 0 0 0 0 0 0 0 0 0 0 0 0 0 0 0 
0 0 0 0 0 0 0 0 0 0 0 0 0 0 0 0 0 0 0 
0 0 0 0 0 0 0 0 0 0 0 0 0 0 0 0 0 0 0 
0 0 0 0 0 0 0 0 0 0 0 0 0 0 0 0 0 0 0 
0 0 0 0 0 0 0 0 0 0 0 0 0 0 0 0 0 0 0 
0 0 0 0 0 0 0 0 0 0 0 0 0 0 0 0 0 0 0 
0 0 0 0 0 0 0 D > V 0 0 0 0 0 0 0 0 0 
0 0 0 0 0 0 0 U < V 0 0 0 0 0 0 0 0 0 
0 0 0 0 0 0 0 0 A < 0 0 0 0 0 0 0 0 0 
0 0 0 0 0 0 0 0 0 0 0 0 0 0 0 0 0 0 0 
level: 10
0 0 0 0 0 0 0 0 0 0 0 0 0 0 0 0 0 0 0 
0 0 0 0 0 0 0 0 0 D < 0 0 0 0 0 0 0 0 
0 0 0 0 0 0 0 0 0 > A 0 0 0 0 0 0 0 0 
0 0 0 0 0 0 0 0 0 0 0 0 0 0 0 0 0 0 0 
0 0 0 0 0 0 0 0 0 0 0 0 0 0 0 0 0 0 0 
0 0 0 0 0 0 V U 0 0 0 0 0 0 0 0 0 0 0 
0 0 0 0 0 D < A < 0 0 0 0 0 0 0 0 0 0 
0 0 0 0 V < > V A V < < 0 0 0 0 0 0 0 
0 0 0 0 V > A > A > V A 0 0 0 0 0 0 0 
0 0 0 0 V A < < < < V A < 0 0 0 0 0 0 
0 0 0 0 > > > > V A > V A < 0 0 0 0 0 
0 0 0 0 0 0 0 0 V A 0 V > A 0 0 0 0 0 
0 0 0 0 0 0 0 0 V A < < A 0 0 0 0 0 0 
0 0 0 0 0 0 0 0 > V 0 > A 0 0 0 0 0 0 
0 0 0 0 0 0 0 0 0 > > A 0 0 0 0 0 0 0 
0 0 0 0 0 0 0 0 0 0 0 0 0 0 0 0 0 0 0 
0 0 0 0 0 0 0 0 0 0 0 0 0 0 0 0 0 0 0 
0 0 0 0 0 0 0 0 0 0 0 0 0 0 0 0 0 0 0 
0 0 0 0 0 0 0 0 0 0 0 0 0 0 0 0 0 0 0 
0 0 0 0 0 0 0 0 0 0 0 0 0 0 0 0 0 0 0 
0 0 0 D U < 0 0 0 0 0 0 0 0 0 0 0 0 0 
0 0 0 V 0 A < 0 0 0 0 0 0 0 0 0 0 0 0 
0 0 0 V 0 0 A 0 0 0 0 0 0 0 0 0 0 0 0 
0 0 0 > V > A 0 0 0 0 0 0 0 0 0 0 0 0 
0 0 0 0 > A 0 0 0 0 0 0 0 0 0 0 0 0 0 
0 0 0 0 0 0 0 0 0 D U V < 0 0 0 0 0 0 
0 0 0 0 0 0 0 0 0 V A V A 0 0 0 0 0 0 
0 0 0 0 0 0 0 0 0 V A V A 0 0 0 0 0 0 
0 0 0 0 0 0 0 0 0 V A < A 0 0 0 0 0 0 
0 0 0 0 0 0 0 0 0 > > > A 0 0 0 0 0 0 
0 0 0 0 0 0 0 0 0 0 0 0 0 0 0 0 0 0 0 
0 0 0 0 0 0 0 0 0 0 0 0 0 0 0 0 0 0 0 
0 0 0 0 0 0 0 0 0 0 0 0 0 0 0 0 0 0 0 
0 0 0 0 0 0 0 0 0 0 0 0 0 0 0 0 0 0 0 
0 0 0 0 0 0 0 0 0 0 0 0 0 0 0 0 0 0 0 
0 0 0 0 0 0 0 0 0 0 0 0 0 0 0 0 0 0 0 
0 0 0 0 0 0 0 0 0 0 0 0 0 0 0 0 0 0 0 
0 0 0 0 0 0 0 0 0 0 0 0 0 0 0 0 0 0 0 
0 0 0 0 0 0 0 0 V D 0 0 0 0 0 0 0 0 0 
0 0 0 0 0 0 0 V U A < 0 0 0 0 0 0 0 0 
0 0 0 0 0 0 0 > > > A 0 0 0 0 0 0 0 0 
0 0 0 0 0 0 0 0 0 0 0 0 0 0 0 0 0 0 0 
0 0 0 0 0 0 0 0 0 0 0 0 0 0 0 0 0 0 0 
level: 11
0 0 0 0 0 0 0 0 0 0 0 0 0 0 0 0 0 0 0 
0 0 0 0 0 0 0 0 0 D V 0 0 0 0 0 0 0 0 
0 0 0 0 0 0 0 0 0 U < 0 0 0 0 0 0 0 0 
0 0 0 0 0 0 0 0 0 0 0 0 0 0 0 0 0 0 0 
0 0 0 0 0 0 0 0 0 0 0 0 0 0 0 0 0 0 0 
0 0 0 0 0 0 0 0 0 0 0 0 0 0 0 0 0 0 0 
0 0 0 0 0 D V > V 0 0 0 0 0 0 0 0 0 0 
0 0 0 0 > U V A > > V 0 0 0 0 0 0 0 0 
0 0 0 0 A V < A < < > > > V 0 0 0 0 0 
0 0 0 0 A > V 0 0 A < < < V 0 0 0 0 0 
0 0 0 0 A < > > > V 0 0 A V 0 0 0 0 0 
0 0 0 0 0 A < < < V 0 > A V 0 0 0 0 0 
0 0 0 0 0 0 0 0 A V > A V < 0 0 0 0 0 
0 0 0 0 0 0 0 0 A V A V < 0 0 0 0 0 0 
0 0 0 0 0 0 0 0 A V A V 0 0 0 0 0 0 0 
0 0 0 0 0 0 0 0 A V A V 0 0 0 0 0 0 0 
0 0 0 0 0 0 0 0 A > A V 0 0 0 0 0 0 0 
0 0 0 0 0 0 0 0 A < V < 0 0 0 0 0 0 0 
0 0 0 0 0 0 0 0 0 A < 0 0 0 0 0 0 0 0 
0 0 0 0 0 0 0 0 0 0 0 0 0 0 0 0 0 0 0 
0 0 0 > D V 0 0 0 0 0 0 0 0 0 0 0 0 0 
0 0 0 U 0 > V 0 0 0 0 0 0 0 0 0 0 0 0 
0 0 0 A 0 0 V 0 0 0 0 0 0 0 0 0 0 0 0 
0 0 0 A < 0 V 0 0 0 0 0 0 0 0 0 0 0 0 
0 0 0 0 A < < 0 0 > D V 0 0 0 0 0 0 0 
0 0 0 0 0 0 0 0 0 A 0 > V 0 0 0 0 0 0 
0 0 0 0 0 0 0 0 0 U V < < 0 0 0 0 0 0 
0 0 0 0 0 0 0 0 0 A > > V 0 0 0 0 0 0 
0 0 0 0 0 0 0 0 0 A < 0 V 0 0 0 0 0 0 
0 0 0 0 0 0 0 0 0 0 A < < 0 0 0 0 0 0 
0 0 0 0 0 0 0 0 0 0 0 0 0 0 0 0 0 0 0 
0 0 0 0 0 0 0 0 0 0 0 0 0 0 0 0 0 0 0 
0 0 0 0 0 0 0 0 0 0 0 0 0 0 0 0 0 0 0 
0 0 0 0 0 0 0 0 0 0 0 0 0 0 0 0 0 0 0 
0 0 0 0 0 0 0 0 0 0 0 0 0 0 0 0 0 0 0 
0 0 0 0 0 0 0 0 0 0 0 0 0 0 0 0 0 0 0 
0 0 0 0 0 0 0 0 0 0 0 0 0 0 0 0 0 0 0 
0 0 0 0 0 0 > V 0 0 0 > D 0 0 0 0 0 0 
0 0 0 0 0 0 A > U > > A V 0 0 0 0 0 0 
0 0 0 0 0 0 A < 0 0 V < < 0 0 0 0 0 0 
0 0 0 0 0 0 0 A < < < 0 0 0 0 0 0 0 0 
0 0 0 0 0 0 0 0 0 0 0 0 0 0 0 0 0 0 0 
0 0 0 0 0 0 0 0 0 0 0 0 0 0 0 0 0 0 0 
level: 12
0 0 0 0 0 0 0 0 0 0 0 0 0 0 0 0 0 0 0 
0 0 0 0 0 0 0 0 0 D U 0 0 0 0 0 0 0 0 
0 0 0 0 0 0 0 0 0 > A 0 0 0 0 0 0 0 0 
0 0 0 0 0 0 0 0 0 0 0 0 0 0 0 0 0 0 0 
0 0 0 0 0 0 0 0 0 0 0 0 0 0 0 0 0 0 0 
0 0 0 0 0 0 0 0 0 0 0 0 0 0 0 0 0 0 0 
0 0 0 0 0 D U < 0 0 0 0 0 0 0 0 0 0 0 
0 0 0 0 V < 0 A V < < < < < 0 0 0 0 0 
0 0 0 0 V > > A V > > > V A 0 0 0 0 0 
0 0 0 0 V A 0 0 V A V < V A 0 0 0 0 0 
0 0 0 0 V A < < V A V A V A 0 0 0 0 0 
0 0 0 0 > > V A V A < A V A 0 0 0 0 0 
0 0 0 0 0 0 V A V 0 > A V A 0 0 0 0 0 
0 0 0 0 0 0 V A V 0 A V < A 0 0 0 0 0 
0 0 0 0 0 0 V A > V A V > A 0 0 0 0 0 
0 0 0 0 0 0 V A < V A V A 0 0 0 0 0 0 
0 0 0 0 0 0 > V A V A V A 0 0 0 0 0 0 
0 0 0 0 0 0 0 V A > A V A 0 0 0 0 0 0 
0 0 0 0 0 0 0 V A < V < A 0 0 0 0 0 0 
0 0 0 0 0 0 0 > V A < > A 0 0 0 0 0 0 
0 0 0 0 V U 0 0 > > > A 0 0 0 0 0 0 0 
0 0 0 D < A < 0 0 0 0 0 0 0 0 0 0 0 0 
0 0 0 V * * A < 0 0 0 0 0 0 0 0 0 0 0 
0 0 0 V * * 0 A 0 0 0 0 0 0 0 0 0 0 0 
0 0 0 > > V 0 A < < V U < 0 0 0 0 0 0 
0 0 0 0 0 > > > V A > V A 0 0 0 0 0 0 
0 0 0 0 0 0 0 0 V A < V A < 0 0 0 0 0 
0 0 0 0 0 0 0 0 > V A < > A 0 0 0 0 0 
0 0 0 0 0 0 0 0 0 > V 0 A 0 0 0 0 0 0 
0 0 0 0 0 0 0 0 0 0 > > A 0 0 0 0 0 0 
0 0 0 0 0 0 0 0 0 0 0 0 0 0 0 0 0 0 0 
0 0 0 0 0 0 0 0 0 0 0 0 0 0 0 0 0 0 0 
0 0 0 0 0 0 0 0 0 0 0 0 0 0 0 0 0 0 0 
0 0 0 0 0 0 0 0 0 0 0 0 0 0 0 0 0 0 0 
0 0 0 0 0 0 0 0 0 0 0 0 0 0 0 0 0 0 0 
0 0 0 0 0 0 D < 0 0 0 0 0 0 0 0 0 0 0 
0 0 0 0 0 0 V A 0 0 0 V < 0 0 0 0 0 0 
0 0 0 0 0 0 V A < V < < A 0 0 0 0 0 0 
0 0 0 0 0 0 > V A V > > U 0 0 0 0 0 0 
0 0 0 0 0 0 0 V A < A 0 0 0 0 0 0 0 0 
0 0 0 0 0 0 0 > > > A 0 0 0 0 0 0 0 0 
0 0 0 0 0 0 0 0 0 0 0 0 0 0 0 0 0 0 0 
0 0 0 0 0 0 0 0 0 0 0 0 0 0 0 0 0 0 0 
level: 13
0 0 0 0 0 0 0 0 0 0 0 0 0 0 0 0 0 0 0 
0 0 0 0 0 0 0 0 0 D V 0 0 0 0 0 0 0 0 
0 0 0 0 0 0 0 0 0 U < 0 0 0 0 0 0 0 0 
0 0 0 0 0 0 0 0 0 0 0 0 0 0 0 0 0 0 0 
0 0 0 0 0 0 0 0 0 0 0 0 0 0 0 0 0 0 0 
0 0 0 0 0 0 0 0 0 0 0 0 0 0 0 0 0 0 0 
0 0 0 0 0 > V > D V 0 > > V 0 0 0 0 0 
0 0 0 0 > U V A < > > A 0 > V 0 0 0 0 
0 0 0 0 A V < 0 A V < < < < V 0 0 0 0 
0 0 0 > A V > > A V > > V A V 0 0 0 0 
0 0 0 A 0 V A < V < A < V A V 0 0 0 0 
0 0 0 A < > V A > V > A V A V 0 0 0 0 
0 0 0 0 A < V A < V A V < A V 0 0 0 0 
0 0 0 0 0 A > V A V A V > A V 0 0 0 0 
0 0 0 0 0 A < V A V A V A V < 0 0 0 0 
0 0 0 0 0 0 A V A V A V A V 0 0 0 0 0 
0 0 0 0 0 0 A V A > A V A V 0 0 0 0 0 
0 0 0 0 0 0 A V A 0 V < A V 0 0 0 0 0 
0 0 0 0 0 0 A V A 0 V > A V 0 0 0 0 0 
0 0 0 0 0 0 A V A V < A V < 0 0 0 0 0 
0 0 0 > > > A V A V > A V 0 0 0 0 0 0 
0 0 0 A V < < < A V A V < 0 0 0 0 0 0 
0 0 0 U V 0 > > A V A V 0 0 0 0 0 0 0 
0 0 0 A > V A < < V A V 0 0 0 0 0 0 0 
0 0 0 A < > > V A < A > V 0 0 0 0 0 0 
0 0 0 0 A < < > V 0 A < > V 0 0 0 0 0 
0 0 0 0 0 0 A < > V 0 A < V 0 0 0 0 0 
0 0 0 0 0 0 0 A < > V > A V 0 0 0 0 0 
0 0 0 0 0 0 0 0 A < > A V < 0 0 0 0 0 
0 0 0 0 0 0 0 0 0 A < < < 0 0 0 0 0 0 
0 0 0 0 0 0 0 0 0 0 0 0 0 0 0 0 0 0 0 
0 0 0 0 0 0 0 0 0 0 0 0 0 0 0 0 0 0 0 
0 0 0 0 0 0 0 0 0 0 0 0 0 0 0 0 0 0 0 
0 0 0 0 0 0 0 0 0 0 0 0 0 0 0 0 0 0 0 
0 0 0 0 0 0 D V 0 0 0 0 0 0 0 0 0 0 0 
0 0 0 0 0 0 A V 0 0 0 > V 0 0 0 0 0 0 
0 0 0 0 0 0 U > V > > A V 0 0 0 0 0 0 
0 0 0 0 0 0 A < V A V < < 0 0 0 0 0 0 
0 0 0 0 0 0 0 A > A V 0 0 0 0 0 0 0 0 
0 0 0 0 0 0 0 A < 0 V 0 0 0 0 0 0 0 0 
0 0 0 0 0 0 0 0 A < < 0 0 0 0 0 0 0 0 
0 0 0 0 0 0 0 0 0 0 0 0 0 0 0 0 0 0 0 
0 0 0 0 0 0 0 0 0 0 0 0 0 0 0 0 0 0 0 
level: 14
0 0 0 0 0 0 0 0 0 0 0 0 0 0 0 0 0 0 0 
0 0 0 0 0 0 0 0 0 D U 0 0 0 0 0 0 0 0 
0 0 0 0 0 0 0 0 0 > A 0 0 0 0 0 0 0 0 
0 0 0 0 0 0 0 0 0 0 0 0 0 0 0 0 0 0 0 
0 0 0 0 0 0 0 0 0 0 0 0 0 0 0 0 0 0 0 
0 0 0 0 0 D < < 0 0 0 0 0 0 0 0 0 0 0 
0 0 0 0 V < 0 A V U < < < < < 0 0 0 0 
0 0 0 0 V > V A > > > > > V A 0 0 0 0 
0 0 0 V < A V A V < < < < V A 0 0 0 0 
0 0 0 V > A V A > V > V A V A 0 0 0 0 
0 0 0 V A < V A < V A V A V A 0 0 0 0 
0 0 0 > V A > V A V A V A V A 0 0 0 0 
0 0 0 0 V A < V A V A V A V A 0 0 0 0 
0 0 0 0 > V A V A V A V A V A 0 0 0 0 
0 0 0 0 0 V A V A V A V A V A 0 0 0 0 
0 0 0 0 0 V A V A V A V A V A 0 0 0 0 
0 0 0 0 0 V A V A > A V A V A 0 0 0 0 
0 0 0 0 0 V A V A 0 V < A V A 0 0 0 0 
0 0 0 0 0 V A V A V < > A V A 0 0 0 0 
0 0 0 0 0 V A V A V > A V < A 0 0 0 0 
0 0 0 V < < A V A V A V < > A 0 0 0 0 
0 0 0 V > > A V A V A V > A 0 0 0 0 0 
0 0 0 V A 0 V < A V A V A 0 0 0 0 0 0 
0 0 0 V A < > V A < A V A 0 0 0 0 0 0 
0 0 0 > V A < > V 0 A V A < 0 0 0 0 0 
0 0 0 0 > V A < > V A > V A 0 0 0 0 0 
0 0 0 0 0 > V A < > A 0 V A 0 0 0 0 0 
0 0 0 0 0 0 > V A < 0 V < A 0 0 0 0 0 
0 0 0 0 0 0 0 > V A < < > A 0 0 0 0 0 
0 0 0 0 0 0 0 0 > V 0 > A 0 0 0 0 0 0 
0 0 0 0 0 0 0 0 0 > > A 0 0 0 0 0 0 0 
0 0 0 0 0 0 0 0 0 0 0 0 0 0 0 0 0 0 0 
0 0 0 0 0 0 0 0 0 0 0 0 0 0 0 0 0 0 0 
0 0 0 0 0 0 0 0 0 0 0 0 0 0 0 0 0 0 0 
0 0 0 0 0 0 D U 0 0 0 V < 0 0 0 0 0 0 
0 0 0 0 0 0 V A < 0 0 V A 0 0 0 0 0 0 
0 0 0 0 0 0 > V A V < < A 0 0 0 0 0 0 
0 0 0 0 0 0 0 V A V > > A 0 0 0 0 0 0 
0 0 0 0 0 0 0 V A < A 0 0 0 0 0 0 0 0 
0 0 0 0 0 0 0 > V > A 0 0 0 0 0 0 0 0 
0 0 0 0 0 0 0 0 > A 0 0 0 0 0 0 0 0 0 
0 0 0 0 0 0 0 0 0 0 0 0 0 0 0 0 0 0 0 
0 0 0 0 0 0 0 0 0 0 0 0 0 0 0 0 0 0 0 
level: 15
0 0 0 0 0 0 0 0 0 0 0 0 0 0 0 0 0 0 0 
0 0 0 0 0 0 0 0 0 > V 0 0 0 0 0 0 0 0 
0 0 0 0 0 0 0 0 0 U D 0 0 0 0 0 0 0 0 
0 0 0 0 0 0 0 0 0 0 0 0 0 0 0 0 0 0 0 
0 0 0 0 0 0 0 0 0 0 0 0 0 0 0 0 0 0 0 
0 0 0 0 0 > V > > > > > > V 0 0 0 0 0 
0 0 0 0 > U V A V < < < < > V 0 0 0 0 
0 0 0 0 A V < A V > > V A < V 0 0 0 0 
0 0 0 > A V > A V A < > V A V 0 0 0 0 
0 0 0 A V < A V < 0 A < V A > V 0 0 0 
0 0 0 A > D A > > > V A V A V < 0 0 0 
0 0 0 A < V A V < 0 V A V A V 0 0 0 0 
0 0 0 0 A V A V A 0 V A V A > V 0 0 0 
0 0 0 0 A V A V A 0 V A V A < V 0 0 0 
0 0 0 0 A V A V A 0 V A > V A V 0 0 0 
0 0 0 0 A V A V A 0 V A < V A V 0 0 0 
0 0 0 0 A V A V A 0 V > A V A V 0 0 0 
0 0 0 0 A V A V A V < A V < A V 0 0 0 
0 0 0 0 A V A V A < > A V > A V 0 0 0 
0 0 0 0 A V A V 0 > A V < A V < 0 0 0 
0 0 0 > A V A V 0 A V < > A V 0 0 0 0 
0 0 0 A V < A V 0 A V > A V < 0 0 0 0 
0 0 0 A V 0 A V 0 A V A V < 0 0 0 0 0 
0 0 0 A > V A > V A V A V 0 0 0 0 0 0 
0 0 0 A < V A < > A V A > V 0 0 0 0 0 
0 0 0 0 A > V A < 0 V A < V 0 0 0 0 0 
0 0 0 0 A < > V A < V 0 A V 0 0 0 0 0 
0 0 0 0 0 A < > V A < > A V 0 0 0 0 0 
0 0 0 0 0 0 A < > V > A V < 0 0 0 0 0 
0 0 0 0 0 0 0 A < > A V < 0 0 0 0 0 0 
0 0 0 0 0 0 0 0 A < < < 0 0 0 0 0 0 0 
0 0 0 0 0 0 0 0 0 0 0 0 0 0 0 0 0 0 0 
0 0 0 0 0 0 0 0 0 0 0 0 0 0 0 0 0 0 0 
0 0 0 0 0 0 0 0 0 0 0 0 0 0 0 0 0 0 0 
0 0 0 0 0 0 D V 0 0 0 > V 0 0 0 0 0 0 
0 0 0 0 0 0 U V 0 0 0 A V 0 0 0 0 0 0 
0 0 0 0 0 0 A > V > > A V 0 0 0 0 0 0 
0 0 0 0 0 0 A < V A 0 V < 0 0 0 0 0 0 
0 0 0 0 0 0 0 A > A V < 0 0 0 0 0 0 0 
0 0 0 0 0 0 0 A < V < 0 0 0 0 0 0 0 0 
0 0 0 0 0 0 0 0 A < 0 0 0 0 0 0 0 0 0 
0 0 0 0 0 0 0 0 0 0 0 0 0 0 0 0 0 0 0 
0 0 0 0 0 0 0 0 0 0 0 0 0 0 0 0 0 0 0 
level: 16
0 0 0 0 0 0 0 0 0 0 0 0 0 0 0 0 0 0 0 
0 0 0 0 0 0 0 0 0 0 0 0 0 0 0 0 0 0 0 
0 0 0 0 0 0 0 0 0 U V 0 0 0 0 0 0 0 0 
0 0 0 0 0 0 0 0 0 A V 0 0 0 0 0 0 0 0 
0 0 0 0 0 0 0 0 0 A V 0 0 0 0 0 0 0 0 
0 0 0 0 0 > V > > A > > > V 0 0 0 0 0 
0 0 0 0 > A V A V < < < < > V 0 0 0 0 
0 0 0 0 A V < A V > > V A < V 0 0 0 0 
0 0 0 > A V > A V A < > V A > V 0 0 0 
0 0 0 A V < A V < 0 A < V A < V 0 0 0 
0 0 0 A V > A V > > > A > V A V 0 0 0 
0 0 0 A V U < V A 0 V < < V A V 0 0 0 
0 0 0 A > V A V A 0 > V A V A V 0 0 0 
0 0 0 A < V A V A < < V A V A V 0 0 0 
0 0 0 0 A V A V > V A V A V A V 0 0 0 
0 0 0 0 A V A V A > A V A V A V 0 0 0 
0 0 0 0 A V A V A 0 V < A V A V 0 0 0 
0 0 0 0 A V A V A 0 V > A V A V 0 0 0 
0 0 0 0 A V A V A V < A V < A V 0 0 0 
0 0 0 0 A V A V A V > A V > A V 0 0 0 
0 0 0 > A V A V A V D V < A V < 0 0 0 
0 0 0 A V < A V A V A V > A V 0 0 0 0 
0 0 0 A V 0 A V A < A V A V < 0 0 0 0 
0 0 0 A > V A > V 0 A V A V 0 0 0 0 0 
0 0 0 A < V A < > V A V A V 0 0 0 0 0 
0 0 0 0 A > V A < > A V A > V 0 0 0 0 
0 0 0 0 A < > V A < V < A V < 0 0 0 0 
0 0 0 0 0 A < > V A < > A V 0 0 0 0 0 
0 0 0 0 0 0 A < > V > A V < 0 0 0 0 0 
0 0 0 0 0 0 0 A < > A V < 0 0 0 0 0 0 
0 0 0 0 0 0 0 0 A < < < 0 0 0 0 0 0 0 
0 0 0 0 0 0 0 0 0 0 0 0 0 0 0 0 0 0 0 
0 0 0 0 0 0 0 0 0 0 0 0 0 0 0 0 0 0 0 
0 0 0 0 0 0 0 0 0 0 0 0 0 0 0 0 0 0 0 
0 0 0 0 0 0 D U < V < < < 0 0 0 0 0 0 
0 0 0 0 0 0 > V A > V > A 0 0 0 0 0 0 
0 0 0 0 0 0 0 V A 0 V A 0 0 0 0 0 0 0 
0 0 0 0 0 0 0 V A V < A 0 0 0 0 0 0 0 
0 0 0 0 0 0 0 V A < > A 0 0 0 0 0 0 0 
0 0 0 0 0 0 0 V 0 > A 0 0 0 0 0 0 0 0 
0 0 0 0 0 0 0 > > A 0 0 0 0 0 0 0 0 0 
0 0 0 0 0 0 0 0 0 0 0 0 0 0 0 0 0 0 0 
0 0 0 0 0 0 0 0 0 0 0 0 0 0 0 0 0 0 0 
level: 17
0 0 0 0 0 0 0 0 0 0 0 0 0 0 0 0 0 0 0 
0 0 0 0 0 0 0 0 0 0 0 0 0 0 0 0 0 0 0 
0 0 0 0 0 0 0 0 0 D V 0 0 0 0 0 0 0 0 
0 0 0 0 0 0 0 0 0 A V 0 0 0 0 0 0 0 0 
0 0 0 0 0 0 0 0 0 A > V 0 0 0 0 0 0 0 
0 0 0 0 0 > V > > A 0 > > V 0 0 0 0 0 
0 0 0 0 > A V A V < < < < > V 0 0 0 0 
0 0 0 0 A V < A V > > V A < V 0 0 0 0 
0 0 0 > A V > A V A < > V A > V 0 0 0 
0 0 0 A V < A V < 0 A < V A < V 0 0 0 
0 0 0 A V > A > > > V A > V A V 0 0 0 
0 0 0 A V A 0 V < 0 V A < V A V 0 0 0 
0 0 0 A V A < V A 0 > V A V A V 0 0 0 
0 0 0 A > V A V A V < < A V A V 0 0 0 
0 0 0 A < V A V A V > V A V A V 0 0 0 
0 0 0 0 A V A V A > A V A V A V 0 0 0 
0 0 0 0 A V A V A 0 V < A V A V 0 0 0 
0 0 0 0 A V A V A 0 V > A V A V 0 0 0 
0 0 0 0 A V A V A 0 V A V < A V 0 0 0 
0 0 0 0 A V A V A 0 U A V > A V 0 0 0 
0 0 0 0 A V A V A 0 V A V A V < 0 0 0 
0 0 0 > A V A V A 0 V A V A V 0 0 0 0 
0 0 0 A V < A V A 0 V A V A V 0 0 0 0 
0 0 0 A > V A V A < < A V A V 0 0 0 0 
0 0 0 A < V A > V 0 > A V A V 0 0 0 0 
0 0 0 0 A V A < > V A V < A V 0 0 0 0 
0 0 0 0 A > V A < > A V > A V 0 0 0 0 
0 0 0 0 A < > V A < V < A V < 0 0 0 0 
0 0 0 0 0 A < > V A < > A V 0 0 0 0 0 
0 0 0 0 0 0 A < > > > A V < 0 0 0 0 0 
0 0 0 0 0 0 0 A < < < < < 0 0 0 0 0 0 
0 0 0 0 0 0 0 0 0 0 0 0 0 0 0 0 0 0 0 
0 0 0 0 0 0 0 0 0 0 0 0 0 0 0 0 0 0 0 
0 0 0 0 0 0 0 0 0 0 0 0 0 0 0 0 0 0 0 
0 0 0 0 0 0 D > V 0 0 > V 0 0 0 0 0 0 
0 0 0 0 0 0 U < V > > A V 0 0 0 0 0 0 
0 0 0 0 0 0 0 A V A < V < 0 0 0 0 0 0 
0 0 0 0 0 0 0 A V > A V 0 0 0 0 0 0 0 
0 0 0 0 0 0 0 A > A V < 0 0 0 0 0 0 0 
0 0 0 0 0 0 0 A < < < 0 0 0 0 0 0 0 0 
0 0 0 0 0 0 0 0 0 0 0 0 0 0 0 0 0 0 0 
0 0 0 0 0 0 0 0 0 0 0 0 0 0 0 0 0 0 0 
0 0 0 0 0 0 0 0 0 0 0 0 0 0 0 0 0 0 0 
level: 18
0 0 0 0 0 0 0 0 0 0 0 0 0 0 0 0 0 0 0 
0 0 0 0 0 0 0 0 0 0 0 0 0 0 0 0 0 0 0 
0 0 0 0 0 0 0 0 0 V U 0 0 0 0 0 0 0 0 
0 0 0 0 0 0 0 0 0 D A 0 0 0 0 0 0 0 0 
0 0 0 0 0 0 V < V < A < < 0 0 0 0 0 0 
0 0 0 0 0 V < A V > > V A < 0 0 0 0 0 
0 0 0 0 V < > A V A < > V A < 0 0 0 0 
0 0 0 0 V > A V < 0 A < > V A 0 0 0 0 
0 0 0 V < A V < > > V A < V A < 0 0 0 
0 0 0 V > A > > A 0 > V A > V A 0 0 0 
0 0 0 V A V < < V < < < A < V A 0 0 0 
0 0 0 V A V 0 A V 0 > > V A V A 0 0 0 
0 0 0 V A > V A V 0 A < V A V A 0 0 0 
0 0 0 V A < V A > > V A V A V A 0 0 0 
0 0 0 > V A V A V < V A V A V A 0 0 0 
0 0 0 0 V A V A V A V A V A V A 0 0 0 
0 0 0 0 V A V A V A < A V A V A 0 0 0 
0 0 0 V < A V A V 0 > A V A V A 0 0 0 
0 0 0 V > A V A V 0 A V < A V A 0 0 0 
0 0 0 V A V < A V 0 A V > A V A 0 0 0 
0 0 0 V A V > A V 0 A V A V < A 0 0 0 
0 0 0 V A V A < V 0 A V A V > A 0 0 0 
0 0 0 V A > V A V 0 A V A V A 0 0 0 0 
0 0 0 V A < V A > > A V A V A 0 0 0 0 
0 0 0 > V A V A < 0 V < A V A 0 0 0 0 
0 0 0 0 V A > V A < V > A V A 0 0 0 0 
0 0 0 0 V A < > V A < A V < A 0 0 0 0 
0 0 0 0 > V A < > V > A V > A 0 0 0 0 
0 0 0 0 0 > V A < > A V < A 0 0 0 0 0 
0 0 0 0 0 0 > V A < < < > A 0 0 0 0 0 
0 0 0 0 0 0 0 > > > > > A 0 0 0 0 0 0 
0 0 0 0 0 0 0 0 0 0 0 0 0 0 0 0 0 0 0 
0 0 0 0 0 0 0 0 0 0 0 0 0 0 0 0 0 0 0 
0 0 0 0 0 0 0 0 0 0 0 0 0 0 0 0 0 0 0 
0 0 0 0 0 0 D U < V < < < 0 0 0 0 0 0 
0 0 0 0 0 0 > V A > V 0 A 0 0 0 0 0 0 
0 0 0 0 0 0 0 V A 0 V > A 0 0 0 0 0 0 
0 0 0 0 0 0 0 V A V < A 0 0 0 0 0 0 0 
0 0 0 0 0 0 0 V A < > A 0 0 0 0 0 0 0 
0 0 0 0 0 0 0 > > > A 0 0 0 0 0 0 0 0 
0 0 0 0 0 0 0 0 0 0 0 0 0 0 0 0 0 0 0 
0 0 0 0 0 0 0 0 0 0 0 0 0 0 0 0 0 0 0 
0 0 0 0 0 0 0 0 0 0 0 0 0 0 0 0 0 0 0 
level: 19
0 0 0 0 0 0 0 0 0 0 0 0 0 0 0 0 0 0 0 
0 0 0 0 0 0 0 0 0 0 0 0 0 0 0 0 0 0 0 
0 0 0 0 0 0 0 0 0 0 0 0 0 0 0 0 0 0 0 
0 0 0 0 0 0 0 0 0 D V 0 0 0 0 0 0 0 0 
0 0 0 0 0 0 > > > U > > V 0 0 0 0 0 0 
0 0 0 0 0 > A * * * * * > V 0 0 0 0 0 
0 0 0 0 > A * * 0 0 0 * * > V 0 0 0 0 
0 0 0 0 A * * 0 0 0 0 0 * * V 0 0 0 0 
0 0 0 > A * 0 0 0 0 0 0 0 * > V 0 0 0 
0 0 0 A * * 0 0 0 0 0 0 0 * * V 0 0 0 
0 0 0 A * 0 0 0 0 0 0 0 0 0 * V 0 0 0 
0 0 0 A * 0 0 0 0 0 0 0 0 0 * V 0 0 0 
0 0 0 A * 0 0 0 0 0 0 0 0 0 * V 0 0 0 
0 0 0 A * * 0 0 0 0 0 0 0 0 * V 0 0 0 
0 0 0 A < * 0 0 0 0 0 0 0 0 * V 0 0 0 
0 0 0 0 A * 0 0 0 0 0 0 0 0 * V 0 0 0 
0 0 0 0 A * 0 0 0 0 0 0 0 0 * V 0 0 0 
0 0 0 > A * 0 0 0 0 0 0 0 0 * V 0 0 0 
0 0 0 A * * 0 0 0 0 0 0 0 0 * V 0 0 0 
0 0 0 A * 0 0 0 0 0 0 0 0 0 * V 0 0 0 
0 0 0 A * 0 0 0 0 0 0 0 0 * * V 0 0 0 
0 0 0 A * 0 0 0 0 0 0 0 0 * V < 0 0 0 
0 0 0 A * 0 0 0 0 0 0 0 0 * V 0 0 0 0 
0 0 0 A * * 0 0 0 0 0 0 0 * V 0 0 0 0 
0 0 0 A < * 0 0 0 0 0 0 0 * V 0 0 0 0 
0 0 0 0 A * 0 0 0 0 0 0 0 * V 0 0 0 0 
0 0 0 0 A * * 0 0 0 0 0 * * V 0 0 0 0 
0 0 0 0 A < * * 0 0 0 0 * V < 0 0 0 0 
0 0 0 0 0 A < * * 0 0 * * V 0 0 0 0 0 
0 0 0 0 0 0 A < * * * * V < 0 0 0 0 0 
0 0 0 0 0 0 0 A < < 0 V < 0 0 0 0 0 0 
0 0 0 0 0 0 0 0 0 A V < 0 0 0 0 0 0 0 
0 0 0 0 0 0 0 0 > A V 0 0 0 0 0 0 0 0 
0 0 0 0 0 0 0 > A 0 V 0 0 0 0 0 0 0 0 
0 0 0 0 0 0 > A V < V > V 0 0 0 0 0 0 
0 0 0 0 0 0 U V < A < A V 0 0 0 0 0 0 
0 0 0 0 0 0 A > V 0 > A V 0 0 0 0 0 0 
0 0 0 0 0 0 A < V > A V < 0 0 0 0 0 0 
0 0 0 0 0 0 0 A > A V < 0 0 0 0 0 0 0 
0 0 0 0 0 0 0 A < < < 0 0 0 0 0 0 0 0 
0 0 0 0 0 0 0 0 0 0 0 0 0 0 0 0 0 0 0 
0 0 0 0 0 0 0 0 0 0 0 0 0 0 0 0 0 0 0 
0 0 0 0 0 0 0 0 0 0 0 0 0 0 0 0 0 0 0 
level: 20
0 0 0 0 0 0 0 0 0 0 0 0 0 0 0 0 0 0 0 
0 0 0 0 0 0 0 0 0 0 0 0 0 0 0 0 0 0 0 
0 0 0 0 0 0 0 0 0 0 0 0 0 0 0 0 0 0 0 
0 0 0 0 0 0 0 0 0 D U 0 0 0 0 0 0 0 0 
0 0 0 0 0 0 0 V < V A < < 0 0 0 0 0 0 
0 0 0 0 0 V < < A V > V A < 0 0 0 0 0 
0 0 0 0 V < > > A V A > V A < 0 0 0 0 
0 0 0 0 V > A V < V A < > V A 0 0 0 0 
0 0 0 V < A V < A > V A < V A < 0 0 0 
0 0 0 V > A V > A 0 > V A > V A 0 0 0 
0 0 0 V A V < A V < < < A < V A 0 0 0 
0 0 0 V A V 0 A V 0 > > V A V A 0 0 0 
0 0 0 V A > V A V 0 A < V A V A 0 0 0 
0 0 0 V A < V A > > V A V A V A 0 0 0 
0 0 0 > V A V A V < V A V A V A 0 0 0 
0 0 0 0 V A V A V A V A V A V A 0 0 0 
0 0 0 0 V A V A V A V A V A V A 0 0 0 
0 0 0 V < A V A V A < A V A V A 0 0 0 
0 0 0 V > A V A V 0 > A V A V A 0 0 0 
0 0 0 V A V < A V 0 A V < A V A 0 0 0 
0 0 0 V A V > A V 0 A V > A V A 0 0 0 
0 0 0 V A V A < V 0 A V A V < A 0 0 0 
0 0 0 V A > V A V 0 A V A V > A 0 0 0 
0 0 0 V A < V A > > A V A V A 0 0 0 0 
0 0 0 > V A V A < 0 V < A V A 0 0 0 0 
0 0 0 0 V A > V A < V > A V A 0 0 0 0 
0 0 0 0 V A < > V A < A V < A 0 0 0 0 
0 0 0 0 > V A < > V 0 A V > A 0 0 0 0 
0 0 0 0 0 > V A < V 0 A V A 0 0 0 0 0 
0 0 0 0 0 0 > V A V > A V A 0 0 0 0 0 
0 0 0 0 0 0 0 V A > A V < A 0 0 0 0 0 
0 0 0 0 0 0 0 V A V < < > A 0 0 0 0 0 
0 0 0 0 0 0 0 V A V > > A 0 0 0 0 0 0 
0 0 0 0 0 0 0 V A V A 0 0 0 0 0 0 0 0 
0 0 0 0 0 0 V < A V A < < 0 0 0 0 0 0 
0 0 0 0 0 0 V > A > > V A 0 0 0 0 0 0 
0 0 0 0 0 0 V A < 0 V < A 0 0 0 0 0 0 
0 0 0 0 0 0 > V A V < > A 0 0 0 0 0 0 
0 0 0 0 0 0 0 V A < > A 0 0 0 0 0 0 0 
0 0 0 0 0 0 0 > > > A 0 0 0 0 0 0 0 0 
0 0 0 0 0 0 0 0 0 0 0 0 0 0 0 0 0 0 0 
0 0 0 0 0 0 0 0 0 0 0 0 0 0 0 0 0 0 0 
0 0 0 0 0 0 0 0 0 0 0 0 0 0 0 0 0 0 0 
level: 21
0 0 0 0 0 0 0 0 0 0 0 0 0 0 0 0 0 0 0 
0 0 0 0 0 0 0 0 0 0 0 0 0 0 0 0 0 0 0 
0 0 0 0 0 0 0 0 0 0 0 0 0 0 0 0 0 0 0 
0 0 0 0 0 0 0 0 0 > V 0 0 0 0 0 0 0 0 
0 0 0 0 0 0 0 > V U D V 0 0 0 0 0 0 0 
0 0 0 0 0 0 > A V A < > V 0 0 0 0 0 0 
0 0 0 0 > > A V < 0 A < > V 0 0 0 0 0 
0 0 0 0 A V < V > > V A < > V 0 0 0 0 
0 0 0 > A V A V A 0 > V A < V 0 0 0 0 
0 0 0 A V < A V A V < > V A > V 0 0 0 
0 0 0 A V > A V A V A < V A < V 0 0 0 
0 0 0 A V A 0 V A > V A > V A V 0 0 0 
0 0 0 A V A < V A 0 V A < V A V 0 0 0 
0 0 0 A > V A V A 0 > V A V A V 0 0 0 
0 0 0 A < V A V A V < < A V A V 0 0 0 
0 0 0 0 A V A V A V > V A V A V 0 0 0 
0 0 0 0 A V A V A V A V A V A V 0 0 0 
0 0 0 0 A V A V A > A V A V A V 0 0 0 
0 0 0 0 A V A V A 0 V < A V A V 0 0 0 
0 0 0 > A V A V A 0 V > A V A V 0 0 0 
0 0 0 A V < A V A 0 V A V < A V 0 0 0 
0 0 0 A V > A V A 0 V A V > A V 0 0 0 
0 0 0 A V A < V A < V A V A V < 0 0 0 
0 0 0 A > V A > V A V A V A V 0 0 0 0 
0 0 0 A < V A < V A < A V A V 0 0 0 0 
0 0 0 0 A > V A > V 0 A V A V 0 0 0 0 
0 0 0 0 A < V A < V 0 A V A V 0 0 0 0 
0 0 0 0 0 A > V A > > A V A V 0 0 0 0 
0 0 0 0 0 A < V A < 0 V < A V 0 0 0 0 
0 0 0 0 0 0 A > V A V < > A V 0 0 0 0 
0 0 0 0 0 0 A < V A < > A V < 0 0 0 0 
0 0 0 0 0 0 0 A V 0 > A V < 0 0 0 0 0 
0 0 0 0 0 0 0 A V 0 A V < 0 0 0 0 0 0 
0 0 0 0 0 0 0 A V 0 A V 0 0 0 0 0 0 0 
0 0 0 0 0 0 > A V 0 A V 0 0 0 0 0 0 0 
0 0 0 0 0 0 A V < 0 A > V 0 0 0 0 0 0 
0 0 0 0 0 0 A > V 0 A 0 V 0 0 0 0 0 0 
0 0 0 0 0 0 A < V > A V < 0 0 0 0 0 0 
0 0 0 0 0 0 0 A > A V < 0 0 0 0 0 0 0 
0 0 0 0 0 0 0 A < < < 0 0 0 0 0 0 0 0 
0 0 0 0 0 0 0 0 0 0 0 0 0 0 0 0 0 0 0 
0 0 0 0 0 0 0 0 0 0 0 0 0 0 0 0 0 0 0 
0 0 0 0 0 0 0 0 0 0 0 0 0 0 0 0 0 0 0 
level: 22
0 0 0 0 0 0 0 0 0 0 0 0 0 0 0 0 0 0 0 
0 0 0 0 0 0 0 0 0 0 0 0 0 0 0 0 0 0 0 
0 0 0 0 0 0 0 0 0 0 0 0 0 0 0 0 0 0 0 
0 0 0 0 0 0 0 0 0 0 0 0 0 0 0 0 0 0 0 
0 0 0 0 0 0 0 0 V < V U 0 0 0 0 0 0 0 
0 0 0 0 0 0 V < D A V A < 0 0 0 0 0 0 
0 0 0 0 0 V < > V A > V A < 0 0 0 0 0 
0 0 0 0 V < > A V A < > V A 0 0 0 0 0 
0 0 0 0 V > A V < 0 A < V A < 0 0 0 0 
0 0 0 0 V A V < > > V A > V A 0 0 0 0 
0 0 0 V < A > > A 0 V A < V A < 0 0 0 
0 0 0 V 0 A V < < < > V A > V A 0 0 0 
0 0 0 > V A V > V A < V A V < A 0 0 0 
0 0 0 0 V A V A V 0 A V A V > A 0 0 0 
0 0 0 0 V A V A V 0 A V A V A 0 0 0 0 
0 0 0 0 V A V A V 0 A V A V A 0 0 0 0 
0 0 0 0 V A V A V 0 A V A V A 0 0 0 0 
0 0 0 0 V A V A V 0 A V A V A < 0 0 0 
0 0 0 0 V A V A V 0 A V A > V A 0 0 0 
0 0 0 0 V A V A V 0 A V A 0 V A 0 0 0 
0 0 0 0 V A V A V 0 A V A V < A 0 0 0 
0 0 0 0 V A V A V 0 A V A V > A 0 0 0 
0 0 0 V < A V A > V A V A V A 0 0 0 0 
0 0 0 > V A V A < V A V A V A 0 0 0 0 
0 0 0 0 V A > V A V A V A V A 0 0 0 0 
0 0 0 0 V A < V A > A V A V A 0 0 0 0 
0 0 0 0 > V A V A < 0 V A V A 0 0 0 0 
0 0 0 0 0 V A > V A < < A V A 0 0 0 0 
0 0 0 0 0 V A < > V 0 > A V A 0 0 0 0 
0 0 0 0 0 > V A < V 0 A V < A 0 0 0 0 
0 0 0 0 0 0 > V A > > A V > A 0 0 0 0 
0 0 0 0 0 0 0 V A 0 V < < A 0 0 0 0 0 
0 0 0 0 0 0 0 V A 0 V > > A 0 0 0 0 0 
0 0 0 0 0 0 0 V A 0 V A 0 0 0 0 0 0 0 
0 0 0 0 0 0 V < A 0 V A < 0 0 0 0 0 0 
0 0 0 0 0 0 V > A 0 > V A 0 0 0 0 0 0 
0 0 0 0 0 0 V A < 0 V < A 0 0 0 0 0 0 
0 0 0 0 0 0 > V A V < > A 0 0 0 0 0 0 
0 0 0 0 0 0 0 V A < > A 0 0 0 0 0 0 0 
0 0 0 0 0 0 0 > > > A 0 0 0 0 0 0 0 0 
0 0 0 0 0 0 0 0 0 0 0 0 0 0 0 0 0 0 0 
0 0 0 0 0 0 0 0 0 0 0 0 0 0 0 0 0 0 0 
0 0 0 0 0 0 0 0 0 0 0 0 0 0 0 0 0 0 0 
level: 23
0 0 0 0 0 0 0 0 0 0 0 0 0 0 0 0 0 0 0 
0 0 0 0 0 0 0 0 0 0 0 0 0 0 0 0 0 0 0 
0 0 0 0 0 0 0 0 0 0 0 0 0 0 0 0 0 0 0 
0 0 0 0 0 0 0 0 0 0 0 0 0 0 0 0 0 0 0 
0 0 0 0 0 0 0 0 0 0 0 0 0 0 0 0 0 0 0 
0 0 0 0 0 0 0 U V > > V 0 0 0 0 0 0 0 
0 0 0 0 0 0 > A D A < > V 0 0 0 0 0 0 
0 0 0 0 0 > A V < 0 A < > V 0 0 0 0 0 
0 0 0 0 > A V < > > V A < V 0 0 0 0 0 
0 0 0 0 A V < > A 0 > V A > V 0 0 0 0 
0 0 0 0 A > > A V < < < A < V 0 0 0 0 
0 0 0 0 A V < V < 0 > > V A V 0 0 0 0 
0 0 0 0 A V A > > V A < V A V 0 0 0 0 
0 0 0 0 A V A V < > V A V A V 0 0 0 0 
0 0 0 0 A V A V A 0 V A V A V 0 0 0 0 
0 0 0 0 A V A V A 0 V A V A V 0 0 0 0 
0 0 0 0 A V A V A 0 V A V A V 0 0 0 0 
0 0 0 0 A V A V A 0 V A V A V 0 0 0 0 
0 0 0 0 A V A V A 0 V A V A V 0 0 0 0 
0 0 0 0 A V A V A 0 V A V A V 0 0 0 0 
0 0 0 0 A V A V A 0 V A V A V 0 0 0 0 
0 0 0 0 A V A V A 0 V A V A V 0 0 0 0 
0 0 0 0 A V A V A 0 V A V A V 0 0 0 0 
0 0 0 0 A V A V A < V A V A V 0 0 0 0 
0 0 0 0 A V A > V A V A V A V 0 0 0 0 
0 0 0 0 A V A < V A < A V A V 0 0 0 0 
0 0 0 0 A > V A > V 0 A V A V 0 0 0 0 
0 0 0 0 A < V A < V > A V A V 0 0 0 0 
0 0 0 0 0 A > V A > A V < A V 0 0 0 0 
0 0 0 0 0 A < V A < 0 V > A V 0 0 0 0 
0 0 0 0 0 0 A > V A V < A V < 0 0 0 0 
0 0 0 0 0 0 A < V A V > A V 0 0 0 0 0 
0 0 0 0 0 0 0 A V A V A V < 0 0 0 0 0 
0 0 0 0 0 0 > A V A V A V 0 0 0 0 0 0 
0 0 0 0 0 0 A V < A V A V 0 0 0 0 0 0 
0 0 0 0 0 0 A > V A V A V 0 0 0 0 0 0 
0 0 0 0 0 0 A < V A < A V 0 0 0 0 0 0 
0 0 0 0 0 0 0 A V > > A V 0 0 0 0 0 0 
0 0 0 0 0 0 0 A > A V < < 0 0 0 0 0 0 
0 0 0 0 0 0 0 A < < < 0 0 0 0 0 0 0 0 
0 0 0 0 0 0 0 0 0 0 0 0 0 0 0 0 0 0 0 
0 0 0 0 0 0 0 0 0 0 0 0 0 0 0 0 0 0 0 
0 0 0 0 0 0 0 0 0 0 0 0 0 0 0 0 0 0 0 
level: 24
0 0 0 0 0 0 0 0 0 0 0 0 0 0 0 0 0 0 0 
0 0 0 0 0 0 0 0 0 0 0 0 0 0 0 0 0 0 0 
0 0 0 0 0 0 0 0 0 0 0 0 0 0 0 0 0 0 0 
0 0 0 0 0 0 0 0 0 0 0 0 0 0 0 0 0 0 0 
0 0 0 0 0 0 0 0 0 0 0 0 0 0 0 0 0 0 0 
0 0 0 0 0 0 0 0 0 0 0 0 0 0 0 0 0 0 0 
0 0 0 0 0 0 0 V < V < < 0 0 0 0 0 0 0 
0 0 0 0 0 0 V < U > D A < 0 0 0 0 0 0 
0 0 0 0 0 V < > A 0 > V A < 0 0 0 0 0 
0 0 0 0 0 V > A V < < > V A 0 0 0 0 0 
0 0 0 0 0 V A V < 0 A < < A 0 0 0 0 0 
0 0 0 0 0 V A > > > V > V A 0 0 0 0 0 
0 0 0 0 0 V A V < 0 V A V A 0 0 0 0 0 
0 0 0 0 0 V A V A 0 V A V A 0 0 0 0 0 
0 0 0 0 0 V A V A 0 V A V A 0 0 0 0 0 
0 0 0 0 0 V A V A 0 V A V A < 0 0 0 0 
0 0 0 0 0 V A V A 0 V A > V A 0 0 0 0 
0 0 0 0 0 V A V A 0 V A < V A 0 0 0 0 
0 0 0 0 V < A V A 0 > V A V A 0 0 0 0 
0 0 0 0 V > A V A V < < A V A 0 0 0 0 
0 0 0 0 V A V < A V > V A V A 0 0 0 0 
0 0 0 0 V A > V A V A V A V A 0 0 0 0 
0 0 0 0 V A < V A V A V A V A 0 0 0 0 
0 0 0 0 > V A V A V A V A V A 0 0 0 0 
0 0 0 0 0 V A V A V A V A V A 0 0 0 0 
0 0 0 0 V < A V A > A V A V A 0 0 0 0 
0 0 0 0 V > A V A < 0 V A V A < 0 0 0 
0 0 0 0 V A < > V A 0 V A V 0 A 0 0 0 
0 0 0 0 > V A < V A V < A V > A 0 0 0 
0 0 0 0 0 > V A V A V > A V A 0 0 0 0 
0 0 0 0 0 0 V A V A V A V < A 0 0 0 0 
0 0 0 0 0 0 V A V A V A V > A 0 0 0 0 
0 0 0 0 0 0 V A V A V A V A 0 0 0 0 0 
0 0 0 0 0 0 V A V A V A V A 0 0 0 0 0 
0 0 0 0 0 0 V A V A < A V A 0 0 0 0 0 
0 0 0 0 0 0 V A > V > A V A 0 0 0 0 0 
0 0 0 0 0 0 V A < > A V < A 0 0 0 0 0 
0 0 0 0 0 0 > V A < < < > A 0 0 0 0 0 
0 0 0 0 0 0 0 > V 0 > > A 0 0 0 0 0 0 
0 0 0 0 0 0 0 0 > > A 0 0 0 0 0 0 0 0 
0 0 0 0 0 0 0 0 0 0 0 0 0 0 0 0 0 0 0 
0 0 0 0 0 0 0 0 0 0 0 0 0 0 0 0 0 0 0 
0 0 0 0 0 0 0 0 0 0 0 0 0 0 0 0 0 0 0 
level: 25
0 0 0 0 0 0 0 0 0 0 0 0 0 0 0 0 0 0 0 
0 0 0 0 0 0 0 0 0 0 0 0 0 0 0 0 0 0 0 
0 0 0 0 0 0 0 0 0 0 0 0 0 0 0 0 0 0 0 
0 0 0 0 0 0 0 0 0 0 0 0 0 0 0 0 0 0 0 
0 0 0 0 0 0 0 0 0 0 0 0 0 0 0 0 0 0 0 
0 0 0 0 0 0 0 0 0 0 0 0 0 0 0 0 0 0 0 
0 0 0 0 0 0 0 0 0 0 0 0 0 0 0 0 0 0 0 
0 0 0 0 0 0 0 0 > V > V 0 0 0 0 0 0 0 
0 0 0 0 0 0 0 > A V U > V 0 0 0 0 0 0 
0 0 0 0 0 0 > A V < A < V 0 0 0 0 0 0 
0 0 0 0 0 0 A V D > V A V 0 0 0 0 0 0 
0 0 0 0 0 0 A > > A V A V 0 0 0 0 0 0 
0 0 0 0 0 0 A V < 0 V A > V 0 0 0 0 0 
0 0 0 0 0 0 A V A 0 V A < V 0 0 0 0 0 
0 0 0 0 0 0 A V A 0 > V A V 0 0 0 0 0 
0 0 0 0 0 0 A V A V < < A V 0 0 0 0 0 
0 0 0 0 0 > A V A V > V A V 0 0 0 0 0 
0 0 0 0 0 A V < A V A V A V 0 0 0 0 0 
0 0 0 0 0 A V > A V A V A V 0 0 0 0 0 
0 0 0 0 0 A V A V < A V A V 0 0 0 0 0 
0 0 0 0 0 A V A V 0 A V A V 0 0 0 0 0 
0 0 0 0 0 A V A V 0 A V A V 0 0 0 0 0 
0 0 0 0 0 A V A V 0 A V A > V 0 0 0 0 
0 0 0 0 0 A V A V 0 A V A < V 0 0 0 0 
0 0 0 0 0 A V A V 0 A > V A V 0 0 0 0 
0 0 0 > > A V A V 0 A < V A > > V 0 0 
0 0 0 A < V < A V 0 0 A V A < < V 0 0 
0 0 0 0 A > V A > V 0 A V 0 > A V 0 0 
0 0 0 0 A < V A < V > A V > A V < 0 0 
0 0 0 0 0 A > V A V A V < A V < 0 0 0 
0 0 0 0 0 A < V A V A V > A V 0 0 0 0 
0 0 0 0 0 0 A V A V A V A V < 0 0 0 0 
0 0 0 0 0 0 A V A V A V A V 0 0 0 0 0 
0 0 0 0 0 0 A V A V A V A V 0 0 0 0 0 
0 0 0 0 0 0 A V A > A V A V 0 0 0 0 0 
0 0 0 0 0 0 A V A < V < A V 0 0 0 0 0 
0 0 0 0 0 0 A > V A < > A V 0 0 0 0 0 
0 0 0 0 0 0 A < > > > A V < 0 0 0 0 0 
0 0 0 0 0 0 0 A < < < < < 0 0 0 0 0 0 
0 0 0 0 0 0 0 0 0 0 0 0 0 0 0 0 0 0 0 
0 0 0 0 0 0 0 0 0 0 0 0 0 0 0 0 0 0 0 
0 0 0 0 0 0 0 0 0 0 0 0 0 0 0 0 0 0 0 
0 0 0 0 0 0 0 0 0 0 0 0 0 0 0 0 0 0 0 
level: 26
0 0 0 0 0 0 0 0 0 0 0 0 0 0 0 0 0 0 0 
0 0 0 0 0 0 0 0 0 0 0 0 0 0 0 0 0 0 0 
0 0 0 0 0 0 0 0 0 0 0 0 0 0 0 0 0 0 0 
0 0 0 0 0 0 0 0 0 0 0 0 0 0 0 0 0 0 0 
0 0 0 0 0 0 0 0 0 0 0 0 0 0 0 0 0 0 0 
0 0 0 0 0 0 0 0 0 0 0 0 0 0 0 0 0 0 0 
0 0 0 0 0 0 0 0 0 0 0 0 0 0 0 0 0 0 0 
0 0 0 0 0 0 0 0 0 0 0 0 0 0 0 0 0 0 0 
0 0 0 0 0 0 0 0 V < < 0 0 0 0 0 0 0 0 
0 0 0 0 0 0 0 V < 0 A < 0 0 0 0 0 0 0 
0 0 0 0 0 0 0 U > > V A 0 0 0 0 0 0 0 
0 0 0 0 0 0 0 V < 0 V A 0 0 0 0 0 0 0 
0 0 0 0 0 0 0 V A 0 V A 0 0 0 0 0 0 0 
0 0 0 0 0 0 0 V A 0 V A 0 0 0 0 0 0 0 
0 0 0 0 0 0 0 V A 0 V A < 0 0 0 0 0 0 
0 0 0 0 0 0 0 V A 0 D V A 0 0 0 0 0 0 
0 0 0 0 0 0 V < A V < < A 0 0 0 0 0 0 
0 0 0 0 0 0 V > A V > V A 0 0 0 0 0 0 
0 0 0 0 0 0 V A V < A V A 0 0 0 0 0 0 
0 0 0 0 0 0 V A V 0 A V A 0 0 0 0 0 0 
0 0 0 0 0 0 V A V 0 A V A 0 0 0 0 0 0 
0 0 0 0 0 0 V A V 0 A V A < 0 0 0 0 0 
0 0 0 0 0 0 V A V 0 A > V A 0 0 0 0 0 
0 0 0 0 0 0 V A V 0 A < V A 0 0 0 0 0 
0 0 0 V < < < A > > V A V A 0 0 0 0 0 
0 0 0 V 0 > > A V < V A V A < < < < 0 
0 0 0 > V A 0 V < A V A > > > V > A 0 
0 0 0 0 V A < V 0 A V A < 0 V < A 0 0 
0 0 0 0 > V A > V A V 0 A V < > A 0 0 
0 0 0 0 0 V A < V A V > A V > A 0 0 0 
0 0 0 0 0 > V A V A V A V < A 0 0 0 0 
0 0 0 0 0 0 V A V A V A V > A 0 0 0 0 
0 0 0 0 0 0 V A V A < A V A 0 0 0 0 0 
0 0 0 0 0 0 V A V 0 > A V A 0 0 0 0 0 
0 0 0 0 0 0 V A V 0 A V < A 0 0 0 0 0 
0 0 0 0 0 0 V A > > A V > A 0 0 0 0 0 
0 0 0 0 0 0 V A < 0 V < A 0 0 0 0 0 0 
0 0 0 0 0 0 > V A < < > A 0 0 0 0 0 0 
0 0 0 0 0 0 0 > > > > A 0 0 0 0 0 0 0 
0 0 0 0 0 0 0 0 0 0 0 0 0 0 0 0 0 0 0 
0 0 0 0 0 0 0 0 0 0 0 0 0 0 0 0 0 0 0 
0 0 0 0 0 0 0 0 0 0 0 0 0 0 0 0 0 0 0 
0 0 0 0 0 0 0 0 0 0 0 0 0 0 0 0 0 0 0 
level: 27
0 0 0 0 0 0 0 0 0 0 0 0 0 0 0 0 0 0 0 
0 0 0 0 0 0 0 0 0 0 0 0 0 0 0 0 0 0 0 
0 0 0 0 0 0 0 0 0 0 0 0 0 0 0 0 0 0 0 
0 0 0 0 0 0 0 0 0 0 0 0 0 0 0 0 0 0 0 
0 0 0 0 0 0 0 0 0 0 0 0 0 0 0 0 0 0 0 
0 0 0 0 0 0 0 0 0 0 0 0 0 0 0 0 0 0 0 
0 0 0 0 0 0 0 0 0 0 0 0 0 0 0 0 0 0 0 
0 0 0 0 0 0 0 0 0 0 0 0 0 0 0 0 0 0 0 
0 0 0 0 0 0 0 0 0 0 0 0 0 0 0 0 0 0 0 
0 0 0 0 0 0 0 0 0 0 0 0 0 0 0 0 0 0 0 
0 0 0 0 0 0 0 0 0 0 0 0 0 0 0 0 0 0 0 
0 0 0 0 0 0 0 0 > > V 0 0 0 0 0 0 0 0 
0 0 0 0 0 0 0 0 A 0 V 0 0 0 0 0 0 0 0 
0 0 0 0 0 0 0 0 A 0 V 0 0 0 0 0 0 0 0 
0 0 0 0 0 0 0 0 A 0 > V 0 0 0 0 0 0 0 
0 0 0 0 0 0 0 0 A V < U 0 0 0 0 0 0 0 
0 0 0 0 0 0 0 0 A V > V 0 0 0 0 0 0 0 
0 0 0 0 0 0 0 > A V A V 0 0 0 0 0 0 0 
0 0 0 0 0 0 0 A V < A V 0 0 0 0 0 0 0 
0 0 0 0 0 0 0 A V 0 A V 0 0 0 0 0 0 0 
0 0 0 0 0 0 0 A V 0 A V 0 0 0 0 0 0 0 
0 0 0 0 0 0 0 A V 0 A > V 0 0 0 0 0 0 
0 0 0 0 0 0 0 A V 0 A < V 0 0 0 0 0 0 
0 0 0 0 0 0 > A D > V A > V 0 0 0 0 0 
0 0 > > > > A V < < V A < V 0 0 > V 0 
0 0 A < 0 V < < > A > V A > > > A V 0 
0 0 0 A < V 0 > A V < < A < < < 0 V 0 
0 0 0 0 A > V A 0 V > > V 0 > A V < 0 
0 0 0 0 A < V A < V A < V > A V < 0 0 
0 0 0 0 0 A > V A V > A V A V < 0 0 0 
0 0 0 0 0 A < V A V A V < A V 0 0 0 0 
0 0 0 0 0 0 A V A V A V > A V 0 0 0 0 
0 0 0 0 0 0 A V A > A V A V < 0 0 0 0 
0 0 0 0 0 0 A V A 0 V < A V 0 0 0 0 0 
0 0 0 0 0 0 A V A < V > A V 0 0 0 0 0 
0 0 0 0 0 0 A > V A < A V < 0 0 0 0 0 
0 0 0 0 0 0 A < > V > A V 0 0 0 0 0 0 
0 0 0 0 0 0 0 A < > A V < 0 0 0 0 0 0 
0 0 0 0 0 0 0 0 A < < < 0 0 0 0 0 0 0 
0 0 0 0 0 0 0 0 0 0 0 0 0 0 0 0 0 0 0 
0 0 0 0 0 0 0 0 0 0 0 0 0 0 0 0 0 0 0 
0 0 0 0 0 0 0 0 0 0 0 0 0 0 0 0 0 0 0 
0 0 0 0 0 0 0 0 0 0 0 0 0 0 0 0 0 0 0 
level: 28
0 0 0 0 0 0 0 0 0 0 0 0 0 0 0 0 0 0 0 
0 0 0 0 0 0 0 0 0 0 0 0 0 0 0 0 0 0 0 
0 0 0 0 0 0 0 0 0 0 0 0 0 0 0 0 0 0 0 
0 0 0 0 0 0 0 0 0 0 0 0 0 0 0 0 0 0 0 
0 0 0 0 0 0 0 0 0 0 0 0 0 0 0 0 0 0 0 
0 0 0 0 0 0 0 0 0 0 0 0 0 0 0 0 0 0 0 
0 0 0 0 0 0 0 0 0 0 0 0 0 0 0 0 0 0 0 
0 0 0 0 0 0 0 0 0 0 0 0 0 0 0 0 0 0 0 
0 0 0 0 0 0 0 0 0 0 0 0 0 0 0 0 0 0 0 
0 0 0 0 0 0 0 0 0 0 0 0 0 0 0 0 0 0 0 
0 0 0 0 0 0 0 0 0 0 0 0 0 0 0 0 0 0 0 
0 0 0 0 0 0 0 0 0 0 0 0 0 0 0 0 0 0 0 
0 0 0 0 0 0 0 0 0 0 0 0 0 0 0 0 0 0 0 
0 0 0 0 0 0 0 0 0 0 0 0 0 0 0 0 0 0 0 
0 0 0 0 0 0 0 0 0 0 0 0 0 0 0 0 0 0 0 
0 0 0 0 0 0 0 0 0 0 0 0 0 0 0 0 0 0 0 
0 0 0 0 0 0 0 0 0 0 0 0 0 0 0 0 0 0 0 
0 0 0 0 0 0 0 0 0 0 0 0 0 0 0 0 0 0 0 
0 0 0 0 0 0 0 0 0 0 0 0 0 0 0 0 0 0 0 
0 0 0 0 0 0 0 0 0 0 0 0 0 0 0 0 0 0 0 
0 0 0 0 0 0 0 0 V < < 0 0 0 0 0 0 0 0 
0 0 0 0 0 0 0 0 V 0 A < 0 0 0 0 0 0 0 
0 0 0 0 0 0 0 0 > > V A 0 0 0 0 0 0 0 
0 0 0 0 0 0 0 V < U V A 0 0 0 0 0 0 0 
0 0 D < < < 0 V > A V A < 0 0 0 V < 0 
0 0 > V 0 A < < A 0 > V A 0 0 V < A 0 
0 0 0 > V 0 > V A V < V A < < < 0 A 0 
0 0 0 0 > V A V A < A > > > V 0 > A 0 
0 0 0 0 0 V A > V 0 A < < V < > A 0 0 
0 0 0 0 0 V A < > > V 0 A V > A 0 0 0 
0 0 0 0 0 > V A V < V > A V A 0 0 0 0 
0 0 0 0 0 0 V A V A V A V < A 0 0 0 0 
0 0 0 0 0 0 V A V A < A V > A 0 0 0 0 
0 0 0 0 0 0 V A V 0 > A V A 0 0 0 0 0 
0 0 0 0 0 0 V A > V A V < A 0 0 0 0 0 
0 0 0 0 0 0 V A < > A V > A 0 0 0 0 0 
0 0 0 0 0 0 > V A < < < A 0 0 0 0 0 0 
0 0 0 0 0 0 0 > V 0 > > A 0 0 0 0 0 0 
0 0 0 0 0 0 0 0 > > A 0 0 0 0 0 0 0 0 
0 0 0 0 0 0 0 0 0 0 0 0 0 0 0 0 0 0 0 
0 0 0 0 0 0 0 0 0 0 0 0 0 0 0 0 0 0 0 
0 0 0 0 0 0 0 0 0 0 0 0 0 0 0 0 0 0 0 
0 0 0 0 0 0 0 0 0 0 0 0 0 0 0 0 0 0 0 
level: 29
0 0 0 0 0 0 0 0 0 0 0 0 0 0 0 0 0 0 0 
0 0 0 0 0 0 0 0 0 0 0 0 0 0 0 0 0 0 0 
0 0 0 0 0 0 0 0 0 0 0 0 0 0 0 0 0 0 0 
0 0 0 0 0 0 0 0 0 0 0 0 0 0 0 0 0 0 0 
0 0 0 0 0 0 0 0 0 0 0 0 0 0 0 0 0 0 0 
0 0 0 0 0 0 0 0 0 0 0 0 0 0 0 0 0 0 0 
0 0 0 0 0 0 0 0 0 0 0 0 0 0 0 0 0 0 0 
0 0 0 0 0 0 0 0 0 0 0 0 0 0 0 0 0 0 0 
0 0 0 0 0 0 0 0 0 0 0 0 0 0 0 0 0 0 0 
0 0 0 0 0 0 0 0 0 0 0 0 0 0 0 0 0 0 0 
0 0 0 0 0 0 0 0 0 0 0 0 0 0 0 0 0 0 0 
0 0 0 0 0 0 0 0 0 0 0 0 0 0 0 0 0 0 0 
0 0 0 0 0 0 0 0 0 0 0 0 0 0 0 0 0 0 0 
0 0 0 0 0 0 0 0 0 0 0 0 0 0 0 0 0 0 0 
0 0 0 0 0 0 0 0 0 0 0 0 0 0 0 0 0 0 0 
0 0 0 0 0 0 0 0 0 0 0 0 0 0 0 0 0 0 0 
0 0 0 0 0 0 0 0 0 0 0 0 0 0 0 0 0 0 0 
0 0 0 0 0 0 0 0 0 0 0 0 0 0 0 0 0 0 0 
0 0 0 0 0 0 0 0 0 0 0 0 0 0 0 0 0 0 0 
0 0 0 0 0 0 0 0 0 0 0 0 0 0 0 0 0 0 0 
0 0 0 0 0 0 0 0 0 0 0 0 0 0 0 0 0 0 0 
0 0 0 0 0 0 0 0 0 0 0 0 0 0 0 0 0 0 0 
0 0 0 0 0 0 0 0 0 0 0 0 0 0 0 0 0 0 0 
0 0 0 0 0 0 0 0 0 0 0 0 0 0 0 0 0 0 0 
0 0 > > > V 0 0 0 0 0 0 0 0 0 0 0 0 0 
0 0 U < 0 D V 0 > > V 0 0 0 0 > > V 0 
0 0 0 A < 0 V > A 0 > > > > > A 0 V 0 
0 0 0 0 A < V A < V < < < < < 0 V < 0 
0 0 0 0 0 A V 0 A V > > V > A V < 0 0 
0 0 0 0 0 A > V A V A V < A V < 0 0 0 
0 0 0 0 0 A < V A V A V > A V 0 0 0 0 
0 0 0 0 0 0 A V A V A V A V < 0 0 0 0 
0 0 0 0 0 0 A V A > A V A V 0 0 0 0 0 
0 0 0 0 0 0 A V A 0 V < A V 0 0 0 0 0 
0 0 0 0 0 0 A V A < < > A V 0 0 0 0 0 
0 0 0 0 0 0 A > V 0 > A V < 0 0 0 0 0 
0 0 0 0 0 0 A < > > A V < 0 0 0 0 0 0 
0 0 0 0 0 0 0 A < < < < 0 0 0 0 0 0 0 
0 0 0 0 0 0 0 0 0 0 0 0 0 0 0 0 0 0 0 
0 0 0 0 0 0 0 0 0 0 0 0 0 0 0 0 0 0 0 
0 0 0 0 0 0 0 0 0 0 0 0 0 0 0 0 0 0 0 
0 0 0 0 0 0 0 0 0 0 0 0 0 0 0 0 0 0 0 
0 0 0 0 0 0 0 0 0 0 0 0 0 0 0 0 0 0 0 
level: 30
0 0 0 0 0 0 0 0 0 0 0 0 0 0 0 0 0 0 0 
0 0 0 0 0 0 0 0 0 0 0 0 0 0 0 0 0 0 0 
0 0 0 0 0 0 0 0 0 0 0 0 0 0 0 0 0 0 0 
0 0 0 0 0 0 0 0 0 0 0 0 0 0 0 0 0 0 0 
0 0 0 0 0 0 0 0 0 0 0 0 0 0 0 0 0 0 0 
0 0 0 0 0 0 0 0 0 0 0 0 0 0 0 0 0 0 0 
0 0 0 0 0 0 0 0 0 0 0 0 0 0 0 0 0 0 0 
0 0 0 0 0 0 0 0 0 0 0 0 0 0 0 0 0 0 0 
0 0 0 0 0 0 0 0 0 0 0 0 0 0 0 0 0 0 0 
0 0 0 0 0 0 0 0 0 0 0 0 0 0 0 0 0 0 0 
0 0 0 0 0 0 0 0 0 0 0 0 0 0 0 0 0 0 0 
0 0 0 0 0 0 0 0 0 0 0 0 0 0 0 0 0 0 0 
0 0 0 0 0 0 0 0 0 0 0 0 0 0 0 0 0 0 0 
0 0 0 0 0 0 0 0 0 0 0 0 0 0 0 0 0 0 0 
0 0 0 0 0 0 0 0 0 0 0 0 0 0 0 0 0 0 0 
0 0 0 0 0 0 0 0 0 0 0 0 0 0 0 0 0 0 0 
0 0 0 0 0 0 0 0 0 0 0 0 0 0 0 0 0 0 0 
0 0 0 0 0 0 0 0 0 0 0 0 0 0 0 0 0 0 0 
0 0 0 0 0 0 0 0 0 0 0 0 0 0 0 0 0 0 0 
0 0 0 0 0 0 0 0 0 0 0 0 0 0 0 0 0 0 0 
0 0 0 0 0 0 0 0 0 0 0 0 0 0 0 0 0 0 0 
0 0 0 0 0 0 0 0 0 0 0 0 0 0 0 0 0 0 0 
0 0 0 0 0 0 0 0 0 0 0 0 0 0 0 0 0 0 0 
0 0 0 0 0 0 0 0 0 0 0 0 0 0 0 0 0 0 0 
0 0 0 0 0 0 0 0 0 0 0 0 0 0 0 0 0 0 0 
0 0 0 D < < U 0 0 0 0 0 0 0 0 0 0 0 0 
0 0 0 > V 0 A < 0 0 0 0 0 0 V < < 0 0 
0 0 0 0 > V 0 A V < < < < < < 0 A 0 0 
0 0 0 0 0 V 0 A V > > > > > V > A 0 0 
0 0 0 0 0 > V A V A < < 0 V < A 0 0 0 
0 0 0 0 0 0 V A V 0 0 A V < > A 0 0 0 
0 0 0 0 0 0 V A > V 0 A V > A 0 0 0 0 
0 0 0 0 0 0 V A < V > A V A 0 0 0 0 0 
0 0 0 0 0 0 > V A > A V < A 0 0 0 0 0 
0 0 0 0 0 0 0 V A < V < > A 0 0 0 0 0 
0 0 0 0 0 0 0 > V A < > A 0 0 0 0 0 0 
0 0 0 0 0 0 0 0 > > > A 0 0 0 0 0 0 0 
0 0 0 0 0 0 0 0 0 0 0 0 0 0 0 0 0 0 0 
0 0 0 0 0 0 0 0 0 0 0 0 0 0 0 0 0 0 0 
0 0 0 0 0 0 0 0 0 0 0 0 0 0 0 0 0 0 0 
0 0 0 0 0 0 0 0 0 0 0 0 0 0 0 0 0 0 0 
0 0 0 0 0 0 0 0 0 0 0 0 0 0 0 0 0 0 0 
0 0 0 0 0 0 0 0 0 0 0 0 0 0 0 0 0 0 0 
level: 31
0 0 0 0 0 0 0 0 0 0 0 0 0 0 0 0 0 0 0 
0 0 0 0 0 0 0 0 0 0 0 0 0 0 0 0 0 0 0 
0 0 0 0 0 0 0 0 0 0 0 0 0 0 0 0 0 0 0 
0 0 0 0 0 0 0 0 0 0 0 0 0 0 0 0 0 0 0 
0 0 0 0 0 0 0 0 0 0 0 0 0 0 0 0 0 0 0 
0 0 0 0 0 0 0 0 0 0 0 0 0 0 0 0 0 0 0 
0 0 0 0 0 0 0 0 0 0 0 0 0 0 0 0 0 0 0 
0 0 0 0 0 0 0 0 0 0 0 0 0 0 0 0 0 0 0 
0 0 0 0 0 0 0 0 0 0 0 0 0 0 0 0 0 0 0 
0 0 0 0 0 0 0 0 0 0 0 0 0 0 0 0 0 0 0 
0 0 0 0 0 0 0 0 0 0 0 0 0 0 0 0 0 0 0 
0 0 0 0 0 0 0 0 0 0 0 0 0 0 0 0 0 0 0 
0 0 0 0 0 0 0 0 0 0 0 0 0 0 0 0 0 0 0 
0 0 0 0 0 0 0 0 0 0 0 0 0 0 0 0 0 0 0 
0 0 0 0 0 0 0 0 0 0 0 0 0 0 0 0 0 0 0 
0 0 0 0 0 0 0 0 0 0 0 0 0 0 0 0 0 0 0 
0 0 0 0 0 0 0 0 0 0 0 0 0 0 0 0 0 0 0 
0 0 0 0 0 0 0 0 0 0 0 0 0 0 0 0 0 0 0 
0 0 0 0 0 0 0 0 0 0 0 0 0 0 0 0 0 0 0 
0 0 0 0 0 0 0 0 0 0 0 0 0 0 0 0 0 0 0 
0 0 0 0 0 0 0 0 0 0 0 0 0 0 0 0 0 0 0 
0 0 0 0 0 0 0 0 0 0 0 0 0 0 0 0 0 0 0 
0 0 0 0 0 0 0 0 0 0 0 0 0 0 0 0 0 0 0 
0 0 0 0 0 0 0 0 0 0 0 0 0 0 0 0 0 0 0 
0 0 0 0 0 0 0 0 0 0 0 0 0 0 0 0 0 0 0 
0 0 0 > > > V 0 0 0 0 0 0 0 0 0 0 0 0 
0 0 0 U < 0 > V 0 0 0 0 0 0 > > V 0 0 
0 0 0 0 A < 0 V > > > > > > A 0 V 0 0 
0 0 0 0 0 A 0 V A V < < < < < V < 0 0 
0 0 0 0 0 A < V A > > V 0 > A V 0 0 0 
0 0 0 0 0 0 A V A 0 0 V > A V < 0 0 0 
0 0 0 0 0 0 A V A < 0 V A V < 0 0 0 0 
0 0 0 0 0 0 A > V A V < A V 0 0 0 0 0 
0 0 0 0 0 0 A < V A < > A V 0 0 0 0 0 
0 0 0 0 0 0 0 A > V > A V < 0 0 0 0 0 
0 0 0 0 0 0 0 A < > A V < 0 0 0 0 0 0 
0 0 0 0 0 0 0 0 A < < < 0 0 0 0 0 0 0 
0 0 0 0 0 0 0 0 0 0 0 0 0 0 0 0 0 0 0 
0 0 0 0 0 0 0 0 0 0 0 0 0 0 0 0 0 0 0 
0 0 0 0 0 0 0 0 0 0 0 0 0 0 0 0 0 0 0 
0 0 0 0 0 0 0 0 0 0 0 0 0 0 0 0 0 0 0 
0 0 0 0 0 0 0 0 0 0 0 0 0 0 0 0 0 0 0 
0 0 0 0 0 0 0 0 0 0 0 0 0 0 0 0 0 0 0 
