23 22 38
22 22 38
21 22 38
21 22 37
22 22 37
22 23 37
23 23 37
23 22 37
23 21 37
23 20 37
22 20 37
22 19 37
21 19 37
21 19 36
22 19 36
22 20 36
23 20 36
23 21 36
22 21 36
22 22 36
21 22 36
20 22 36
20 21 36
20 20 36
19 20 36
19 20 35
20 20 35
20 21 35
20 22 35
21 22 35
21 21 35
22 21 35
23 21 35
23 20 35
23 19 35
22 19 35
21 19 35
21 18 35
20 18 35
20 17 35
20 16 35
20 15 35
21 15 35
22 15 35
22 14 35
22 13 35
21 13 35
21 12 35
20 12 35
20 13 35
19 13 35
19 13 36
20 13 36
20 12 36
20 12 37
20 13 37
20 14 37
21 14 37
22 14 37
22 13 37
22 12 37
22 11 37
21 11 37
21 11 38
22 11 38
22 12 38
22 13 38
21 13 38
21 12 38
21 12 37
21 12 36
22 12 36
22 13 36
22 14 36
22 15 36
21 15 36
20 15 36
19 15 36
19 14 36
19 14 35
19 15 35
19 16 35
18 16 35
17 16 35
17 15 35
17 14 35
16 14 35
15 14 35
14 14 35
13 14 35
13 13 35
12 13 35
11 13 35
10 13 35
10 14 35
9 14 35
9 15 35
8 15 35
8 16 35
9 16 35
10 16 35
10 15 35
11 15 35
11 14 35
12 14 35
12 15 35
12 16 35
11 16 35
11 17 35
11 18 35
12 18 35
12 19 35
13 19 35
14 19 35
14 18 35
15 18 35
15 17 35
15 16 35
14 16 35
13 16 35
13 15 35
14 15 35
15 15 35
16 15 35
16 16 35
16 16 36
15 16 36
14 16 36
13 16 36
12 16 36
12 17 36
11 17 36
10 17 36
10 16 36
11 16 36
11 15 36
12 15 36
13 15 36
14 15 36
15 15 36
16 15 36
17 15 36
17 16 36
17 17 36
17 18 36
17 19 36
16 19 36
15 19 36
15 20 36
14 20 36
13 20 36
12 20 36
11 20 36
11 19 36
10 19 36
10 18 36
11 18 36
12 18 36
12 19 36
13 19 36
14 19 36
14 18 36
15 18 36
16 18 36
16 17 36
16 17 35
17 17 35
18 17 35
19 17 35
19 18 35
18 18 35
17 18 35
16 18 35
16 19 35
15 19 35
15 20 35
14 20 35
13 20 35
12 20 35
11 20 35
11 19 35
10 19 35
10 18 35
9 18 35
9 17 35
9 17 34
10 17 34
11 17 34
11 18 34
12 18 34
13 18 34
14 18 34
14 17 34
14 16 34
13 16 34
12 16 34
11 16 34
10 16 34
10 15 34
11 15 34
12 15 34
13 15 34
14 15 34
15 15 34
15 16 34
16 16 34
17 16 34
18 16 34
19 16 34
19 17 34
19 18 34
18 18 34
17 18 34
16 18 34
15 18 34
15 19 34
14 19 34
13 19 34
12 19 34
12 20 34
11 20 34
11 19 34
10 19 34
10 18 34
9 18 34
8 18 34
8 19 34
9 19 34
9 20 34
10 20 34
10 21 34
11 21 34
12 21 34
13 21 34
13 20 34
14 20 34
15 20 34
16 20 34
16 19 34
17 19 34
18 19 34
19 19 34
20 19 34
21 19 34
21 18 34
20 18 34
20 17 34
20 16 34
20 15 34
19 15 34
18 15 34
17 15 34
16 15 34
16 14 34
15 14 34
14 14 34
13 14 34
12 14 34
12 13 34
11 13 34
11 14 34
10 14 34
9 14 34
9 15 34
9 16 34
8 16 34
7 16 34
7 16 33
7 16 32
8 16 32
9 16 32
9 15 32
10 15 32
10 14 32
11 14 32
11 13 32
12 13 32
13 13 32
13 14 32
14 14 32
14 15 32
15 15 32
16 15 32
17 15 32
17 16 32
18 16 32
19 16 32
20 16 32
20 17 32
20 18 32
19 18 32
19 19 32
18 19 32
17 19 32
16 19 32
16 20 32
15 20 32
14 20 32
14 21 32
13 21 32
12 21 32
11 21 32
11 20 32
10 20 32
9 20 32
9 19 32
10 19 32
11 19 32
12 19 32
12 20 32
13 20 32
13 19 32
14 19 32
15 19 32
15 18 32
16 18 32
17 18 32
18 18 32
18 17 32
17 17 32
16 17 32
16 16 32
15 16 32
14 16 32
13 16 32
13 15 32
12 15 32
11 15 32
11 16 32
10 16 32
10 17 32
11 17 32
12 17 32
13 17 32
14 17 32
14 18 32
13 18 32
12 18 32
11 18 32
10 18 32
9 18 32
8 18 32
8 17 32
7 17 32
7 18 32
7 19 32
8 19 32
8 20 32
8 21 32
9 21 32
10 21 32
10 22 32
11 22 32
12 22 32
12 23 32
13 23 32
14 23 32
14 22 32
15 22 32
15 21 32
16 21 32
17 21 32
17 20 32
18 20 32
19 20 32
20 20 32
20 19 32
21 19 32
21 18 32
22 18 32
22 17 32
22 16 32
21 16 32
21 15 32
20 15 32
19 15 32
18 15 32
18 14 32
17 14 32
16 14 32
15 14 32
15 13 32
14 13 32
14 12 32
13 12 32
12 12 32
11 12 32
10 12 32
10 13 32
9 13 32
9 14 32
8 14 32
8 15 32
7 15 32
6 15 32
6 14 32
7 14 32
7 13 32
8 13 32
8 12 32
9 12 32
9 11 32
10 11 32
11 11 32
12 11 32
13 11 32
14 11 32
15 11 32
15 12 32
16 12 32
16 13 32
17 13 32
18 13 32
19 13 32
19 14 32
20 14 32
21 14 32
22 14 32
22 15 32
23 15 32
23 16 32
23 17 32
23 18 32
24 18 32
24 19 32
23 19 32
22 19 32
22 20 32
21 20 32
21 21 32
20 21 32
19 21 32
18 21 32
18 22 32
17 22 32
16 22 32
16 23 32
15 23 32
15 24 32
14 24 32
13 24 32
12 24 32
11 24 32
11 23 32
10 23 32
9 23 32
9 22 32
8 22 32
7 22 32
7 21 32
7 20 32
6 20 32
6 19 32
6 18 32
6 17 32
6 17 31
6 18 31
6 19 31
6 20 31
6 21 31
7 21 31
7 22 31
8 22 31
8 23 31
9 23 31
10 23 31
10 24 31
11 24 31
12 24 31
13 24 31
14 24 31
15 24 31
16 24 31
16 23 31
17 23 31
18 23 31
18 22 31
19 22 31
19 21 31
20 21 31
21 21 31
21 20 31
22 20 31
22 19 31
23 19 31
24 19 31
24 18 31
24 17 31
24 16 31
23 16 31
23 15 31
22 15 31
22 14 31
21 14 31
20 14 31
19 14 31
19 13 31
18 13 31
18 12 31
17 12 31
16 12 31
16 11 31
15 11 31
14 11 31
14 10 31
13 10 31
12 10 31
11 10 31
11 11 31
10 11 31
9 11 31
9 12 31
8 12 31
7 12 31
7 13 31
6 13 31
6 14 31
7 14 31
8 14 31
8 13 31
9 13 31
10 13 31
10 12 31
11 12 31
12 12 31
12 11 31
13 11 31
13 12 31
14 12 31
15 12 31
15 13 31
16 13 31
17 13 31
17 14 31
18 14 31
18 15 31
19 15 31
20 15 31
21 15 31
21 16 31
22 16 31
22 17 31
23 17 31
23 18 31
22 18 31
21 18 31
21 19 31
20 19 31
20 20 31
19 20 31
18 20 31
18 21 31
17 21 31
17 22 31
16 22 31
15 22 31
15 23 31
14 23 31
13 23 31
12 23 31
11 23 31
11 22 31
10 22 31
9 22 31
9 21 31
8 21 31
8 20 31
7 20 31
7 19 31
7 18 31
7 17 31
7 16 31
8 16 31
9 16 31
10 16 31
10 15 31
11 15 31
11 16 31
11 17 31
11 18 31
12 18 31
12 19 31
13 19 31
14 19 31
14 18 31
15 18 31
15 17 31
14 17 31
14 16 31
13 16 31
12 16 31
12 15 31
12 14 31
13 14 31
13 15 31
14 15 31
15 15 31
15 16 31
16 16 31
16 17 31
17 17 31
18 17 31
18 18 31
17 18 31
16 18 31
16 19 31
15 19 31
15 20 31
14 20 31
13 20 31
12 20 31
11 20 31
11 19 31
10 19 31
10 18 31
9 18 31
9 17 31
8 17 31
8 18 31
8 19 31
9 19 31
9 20 31
10 20 31
10 21 31
11 21 31
12 21 31
12 22 31
13 22 31
14 22 31
14 21 31
15 21 31
16 21 31
16 20 31
17 20 31
17 19 31
18 19 31
19 19 31
19 18 31
20 18 31
20 17 31
20 16 31
19 16 31
18 16 31
17 16 31
17 15 31
16 15 31
16 14 31
15 14 31
14 14 31
14 13 31
13 13 31
12 13 31
11 13 31
11 14 31
10 14 31
9 14 31
9 15 31
8 15 31
8 15 30
9 15 30
9 14 30
10 14 30
10 13 30
11 13 30
12 13 30
13 13 30
13 12 30
14 12 30
14 13 30
15 13 30
15 14 30
16 14 30
16 15 30
17 15 30
17 16 30
18 16 30
19 16 30
20 16 30
20 17 30
20 18 30
19 18 30
19 19 30
18 19 30
17 19 30
17 20 30
16 20 30
16 21 30
15 21 30
15 22 30
15 23 30
14 23 30
13 23 30
13 22 30
12 22 30
11 22 30
11 21 30
10 21 30
9 21 30
9 20 30
8 20 30
8 19 30
8 18 30
8 17 30
9 17 30
10 17 30
11 17 30
11 16 30
12 16 30
12 15 30
13 15 30
13 16 30
14 16 30
14 17 30
15 17 30
15 18 30
14 18 30
14 19 30
13 19 30
13 18 30
13 17 30
12 17 30
12 18 30
12 19 30
11 19 30
11 18 30
10 18 30
9 18 30
9 19 30
10 19 30
10 20 30
11 20 30
12 20 30
12 21 30
13 21 30
14 21 30
14 20 30
15 20 30
15 19 30
16 19 30
16 18 30
17 18 30
18 18 30
18 17 30
17 17 30
16 17 30
16 16 30
15 16 30
15 15 30
14 15 30
14 14 30
13 14 30
12 14 30
11 14 30
11 15 30
10 15 30
10 16 30
9 16 30
8 16 30
7 16 30
7 16 29
7 15 29
7 14 29
8 14 29
8 13 29
9 13 29
9 12 29
10 12 29
11 12 29
11 11 29
12 11 29
12 10 29
13 10 29
13 9 29
14 9 29
14 8 29
15 8 29
15 7 29
15 6 29
15 5 29
16 5 29
16 4 29
17 4 29
17 3 29
18 3 29
19 3 29
20 3 29
20 4 29
19 4 29
19 5 29
18 5 29
18 6 29
17 6 29
16 6 29
16 7 29
16 8 29
16 9 29
16 10 29
16 11 29
16 12 29
16 13 29
17 13 29
17 14 29
17 15 29
18 15 29
19 15 29
20 15 29
21 15 29
21 16 29
22 16 29
23 16 29
24 16 29
25 16 29
25 17 29
25 18 29
24 18 29
23 18 29
22 18 29
21 18 29
21 19 29
20 19 29
19 19 29
18 19 29
18 20 29
18 21 29
17 21 29
17 22 29
17 23 29
17 24 29
17 25 29
17 26 29
17 27 29
18 27 29
19 27 29
20 27 29
20 28 29
20 29 29
21 29 29
22 29 29
22 30 29
23 30 29
23 31 29
22 31 29
21 31 29
20 31 29
19 31 29
19 30 29
19 29 29
18 29 29
18 28 29
17 28 29
16 28 29
16 27 29
15 27 29
15 26 29
14 26 29
14 25 29
13 25 29
13 24 29
12 24 29
12 23 29
11 23 29
10 23 29
10 22 29
9 22 29
8 22 29
8 21 29
7 21 29
7 20 29
7 19 29
6 19 29
6 18 29
7 18 29
8 18 29
8 19 29
8 20 29
9 20 29
9 21 29
10 21 29
11 21 29
11 22 29
12 22 29
13 22 29
13 23 29
14 23 29
14 24 29
15 24 29
15 25 29
16 25 29
16 24 29
16 23 29
16 22 29
16 21 29
16 20 29
17 20 29
17 19 29
17 18 29
18 18 29
19 18 29
20 18 29
20 17 29
20 16 29
19 16 29
18 16 29
17 16 29
16 16 29
16 15 29
16 14 29
15 14 29
15 13 29
15 12 29
15 11 29
15 10 29
14 10 29
14 11 29
13 11 29
13 12 29
12 12 29
12 13 29
11 13 29
10 13 29
10 14 29
9 14 29
9 15 29
8 15 29
8 16 29
9 16 29
10 16 29
10 15 29
11 15 29
11 14 29
12 14 29
13 14 29
13 13 29
14 13 29
14 14 29
14 15 29
15 15 29
15 16 29
15 17 29
16 17 29
16 18 29
16 19 29
15 19 29
15 20 29
15 21 29
15 22 29
14 22 29
14 21 29
13 21 29
12 21 29
12 20 29
11 20 29
10 20 29
10 19 29
9 19 29
9 18 29
10 18 29
11 18 29
11 19 29
12 19 29
12 18 29
12 17 29
13 17 29
13 18 29
13 19 29
13 20 29
14 20 29
14 19 29
14 18 29
14 17 29
14 16 29
13 16 29
13 15 29
12 15 29
12 16 29
11 16 29
11 17 29
10 17 29
9 17 29
8 17 29
7 17 29
6 17 29
5 17 29
5 18 29
5 19 29
5 20 29
6 20 29
6 21 29
6 22 29
7 22 29
7 23 29
8 23 29
9 23 29
9 24 29
10 24 29
11 24 29
11 25 29
12 25 29
12 26 29
13 26 29
13 27 29
14 27 29
14 28 29
15 28 29
15 29 29
16 29 29
17 29 29
17 30 29
18 30 29
18 31 29
18 32 29
19 32 29
20 32 29
20 33 29
21 33 29
22 33 29
22 32 29
23 32 29
24 32 29
24 33 29
25 33 29
26 33 29
26 32 29
27 32 29
28 32 29
29 32 29
29 31 29
28 31 29
27 31 29
26 31 29
26 30 29
25 30 29
24 30 29
24 29 29
23 29 29
23 28 29
22 28 29
21 28 29
21 27 29
21 26 29
20 26 29
19 26 29
18 26 29
18 25 29
18 24 29
18 23 29
18 22 29
19 22 29
19 21 29
19 20 29
20 20 29
21 20 29
22 20 29
22 19 29
23 19 29
24 19 29
25 19 29
26 19 29
26 18 29
27 18 29
27 17 29
27 16 29
26 16 29
26 15 29
25 15 29
24 15 29
23 15 29
22 15 29
22 14 29
21 14 29
20 14 29
19 14 29
18 14 29
18 13 29
18 12 29
17 12 29
17 11 29
17 10 29
17 9 29
17 8 29
17 7 29
18 7 29
19 7 29
19 6 29
20 6 29
20 5 29
21 5 29
22 5 29
22 4 29
22 3 29
21 3 29
21 2 29
20 2 29
19 2 29
19 1 29
18 1 29
17 1 29
17 2 29
16 2 29
16 3 29
15 3 29
15 4 29
14 4 29
14 5 29
14 6 29
14 7 29
13 7 29
13 8 29
12 8 29
12 9 29
11 9 29
11 10 29
10 10 29
10 11 29
9 11 29
8 11 29
8 12 29
7 12 29
7 13 29
6 13 29
6 14 29
6 15 29
6 15 28
6 14 28
6 13 28
7 13 28
7 12 28
8 12 28
8 11 28
9 11 28
10 11 28
10 10 28
11 10 28
11 9 28
12 9 28
12 8 28
12 7 28
13 7 28
13 6 28
14 6 28
14 5 28
14 4 28
15 4 28
15 3 28
16 3 28
16 2 28
17 2 28
18 2 28
19 2 28
20 2 28
21 2 28
21 3 28
22 3 28
22 4 28
22 5 28
21 5 28
21 6 28
20 6 28
20 7 28
19 7 28
18 7 28
17 7 28
17 8 28
17 9 28
17 10 28
17 11 28
17 12 28
18 12 28
18 13 28
18 14 28
18 15 28
19 15 28
20 15 28
21 15 28
22 15 28
23 15 28
24 15 28
25 15 28
26 15 28
26 16 28
27 16 28
27 17 28
27 18 28
26 18 28
26 19 28
25 19 28
24 19 28
23 19 28
22 19 28
21 19 28
20 19 28
19 19 28
19 20 28
18 20 28
18 21 28
18 22 28
18 23 28
18 24 28
18 25 28
19 25 28
19 26 28
20 26 28
21 26 28
21 27 28
21 28 28
22 28 28
22 29 28
23 29 28
24 29 28
24 30 28
25 30 28
25 31 28
26 31 28
27 31 28
28 31 28
29 31 28
29 32 28
28 32 28
27 32 28
26 32 28
26 33 28
25 33 28
24 33 28
24 32 28
23 32 28
22 32 28
21 32 28
21 33 28
20 33 28
20 32 28
19 32 28
18 32 28
18 31 28
18 30 28
17 30 28
17 29 28
16 29 28
15 29 28
15 28 28
14 28 28
14 27 28
13 27 28
13 26 28
12 26 28
12 25 28
11 25 28
11 24 28
10 24 28
9 24 28
9 23 28
8 23 28
7 23 28
7 22 28
6 22 28
6 21 28
6 20 28
5 20 28
5 19 28
5 18 28
5 17 28
6 17 28
7 17 28
8 17 28
9 17 28
10 17 28
11 17 28
11 16 28
12 16 28
12 15 28
13 15 28
13 16 28
14 16 28
14 17 28
14 18 28
14 19 28
14 20 28
13 20 28
13 19 28
13 18 28
13 17 28
12 17 28
12 18 28
12 19 28
11 19 28
11 18 28
10 18 28
9 18 28
9 19 28
10 19 28
10 20 28
11 20 28
12 20 28
12 21 28
13 21 28
14 21 28
14 22 28
15 22 28
15 21 28
15 20 28
15 19 28
15 18 28
15 17 28
15 16 28
15 15 28
14 15 28
14 14 28
14 13 28
13 13 28
13 14 28
12 14 28
11 14 28
11 15 28
10 15 28
10 16 28
9 16 28
8 16 28
8 15 28
9 15 28
9 14 28
10 14 28
10 13 28
11 13 28
12 13 28
12 12 28
13 12 28
13 11 28
14 11 28
14 10 28
14 9 28
15 9 28
15 10 28
15 11 28
15 12 28
15 13 28
15 14 28
16 14 28
16 15 28
16 16 28
16 17 28
17 17 28
17 18 28
16 18 28
16 19 28
16 20 28
16 21 28
16 22 28
16 23 28
16 24 28
16 25 28
15 25 28
15 24 28
14 24 28
14 23 28
13 23 28
13 22 28
12 22 28
11 22 28
11 21 28
10 21 28
9 21 28
9 20 28
8 20 28
8 19 28
8 18 28
7 18 28
6 18 28
6 19 28
7 19 28
7 20 28
7 21 28
8 21 28
8 22 28
9 22 28
10 22 28
10 23 28
11 23 28
12 23 28
12 24 28
13 24 28
13 25 28
14 25 28
14 26 28
15 26 28
15 27 28
16 27 28
16 28 28
17 28 28
18 28 28
18 29 28
19 29 28
19 30 28
19 31 28
20 31 28
21 31 28
22 31 28
23 31 28
23 30 28
22 30 28
21 30 28
21 29 28
20 29 28
20 28 28
20 27 28
19 27 28
18 27 28
18 26 28
17 26 28
17 25 28
17 24 28
17 23 28
17 22 28
17 21 28
17 20 28
17 19 28
18 19 28
18 18 28
19 18 28
20 18 28
21 18 28
22 18 28
23 18 28
24 18 28
25 18 28
25 17 28
25 16 28
24 16 28
23 16 28
22 16 28
21 16 28
20 16 28
19 16 28
18 16 28
17 16 28
17 15 28
17 14 28
17 13 28
16 13 28
16 12 28
16 11 28
16 10 28
16 9 28
16 8 28
16 7 28
16 6 28
17 6 28
18 6 28
19 6 28
19 5 28
20 5 28
20 4 28
20 3 28
19 3 28
18 3 28
17 3 28
17 4 28
16 4 28
16 5 28
15 5 28
15 6 28
15 7 28
14 7 28
14 8 28
13 8 28
13 9 28
13 10 28
12 10 28
12 11 28
11 11 28
11 12 28
10 12 28
9 12 28
9 13 28
8 13 28
8 14 28
7 14 28
7 15 28
7 16 28
6 16 28
5 16 28
5 16 27
5 17 27
5 18 27
5 18 26
6 18 26
7 18 26
7 19 26
7 20 26
7 21 26
8 21 26
9 21 26
9 22 26
10 22 26
10 23 26
11 23 26
12 23 26
13 23 26
13 24 26
13 25 26
14 25 26
14 26 26
15 26 26
15 27 26
16 27 26
16 28 26
17 28 26
18 28 26
19 28 26
19 29 26
20 29 26
