8 5 60
7 5 60
6 5 60
6 4 60
6 4 59
6 5 59
6 6 59
7 6 59
8 6 59
8 5 59
8 4 59
8 3 59
8 2 59
7 2 59
7 2 58
8 2 58
8 3 58
8 4 58
8 5 58
8 6 58
8 7 58
8 8 58
7 8 58
6 8 58
6 7 58
6 6 58
6 5 58
6 4 58
6 3 58
6 3 57
6 4 57
6 5 57
6 6 57
6 7 57
6 8 57
7 8 57
8 8 57
8 7 57
8 6 57
8 5 57
8 4 57
8 3 57
8 2 57
7 2 57
7 2 56
8 2 56
8 3 56
8 4 56
8 5 56
8 6 56
8 7 56
8 8 56
8 9 56
8 10 56
7 10 56
6 10 56
6 9 56
6 8 56
6 7 56
6 6 56
6 6 55
6 6 54
7 6 54
8 6 54
8 7 54
8 8 54
8 9 54
8 10 54
8 11 54
7 11 54
6 11 54
6 10 54
6 9 54
6 8 54
6 8 53
6 9 53
6 10 53
6 11 53
7 11 53
8 11 53
8 10 53
8 9 53
8 8 53
8 7 53
7 7 53
7 7 52
7 8 52
8 8 52
8 9 52
8 10 52
8 11 52
7 11 52
6 11 52
6 10 52
6 9 52
6 9 51
6 10 51
6 11 51
7 11 51
8 11 51
8 10 51
8 9 51
8 8 51
7 8 51
7 8 50
8 8 50
8 9 50
8 10 50
8 11 50
7 11 50
6 11 50
6 10 50
6 9 50
6 9 49
6 10 49
6 11 49
6 12 49
7 12 49
8 12 49
8 11 49
8 10 49
8 9 49
8 8 49
7 8 49
7 8 48
8 8 48
8 9 48
8 10 48
8 11 48
8 12 48
7 12 48
6 12 48
6 11 48
6 10 48
6 9 48
6 9 47
6 9 46
6 8 46
7 8 46
8 8 46
8 9 46
8 10 46
8 11 46
8 12 46
7 12 46
6 12 46
6 11 46
6 10 46
5 10 46
5 10 45
5 11 45
6 11 45
6 12 45
7 12 45
8 12 45
8 11 45
8 10 45
9 10 45
9 9 45
8 9 45
8 8 45
7 8 45
6 8 45
6 9 45
6 9 44
6 8 44
7 8 44
8 8 44
8 9 44
9 9 44
9 10 44
9 11 44
8 11 44
8 12 44
7 12 44
6 12 44
6 11 44
5 11 44
5 10 44
5 10 43
5 11 43
6 11 43
6 12 43
7 12 43
8 12 43
8 11 43
9 11 43
9 10 43
9 9 43
8 9 43
8 8 43
7 8 43
6 8 43
6 9 43
6 9 42
6 8 42
7 8 42
8 8 42
8 9 42
9 9 42
9 10 42
9 11 42
8 11 42
8 12 42
7 12 42
6 12 42
6 11 42
5 11 42
5 10 42
5 10 41
5 11 41
6 11 41
6 12 41
7 12 41
8 12 41
8 11 41
9 11 41
9 10 41
9 9 41
8 9 41
8 8 41
7 8 41
6 8 41
6 9 41
6 9 40
6 8 40
7 8 40
8 8 40
8 9 40
9 9 40
9 10 40
9 11 40
8 11 40
8 12 40
7 12 40
6 12 40
6 11 40
5 11 40
5 10 40
5 10 39
6 10 39
7 10 39
8 10 39
8 11 39
7 11 39
6 11 39
5 11 39
5 12 39
6 12 39
7 12 39
8 12 39
9 12 39
9 11 39
9 10 39
9 9 39
8 9 39
8 8 39
7 8 39
6 8 39
6 9 39
6 9 38
6 8 38
7 8 38
8 8 38
8 9 38
9 9 38
9 10 38
9 11 38
9 12 38
8 12 38
7 12 38
6 12 38
5 12 38
5 11 38
6 11 38
7 11 38
8 11 38
8 10 38
7 10 38
6 10 38
5 10 38
5 10 37
6 10 37
7 10 37
8 10 37
8 11 37
7 11 37
6 11 37
5 11 37
5 11 36
5 10 36
6 10 36
6 11 36
7 11 36
8 11 36
8 10 36
8 9 36
7 9 36
6 9 36
5 9 36
5 9 35
6 9 35
7 9 35
8 9 35
8 10 35
8 11 35
7 11 35
6 11 35
6 10 35
5 10 35
5 11 35
5 12 35
6 12 35
7 12 35
8 12 35
9 12 35
9 11 35
9 10 35
9 9 35
9 8 35
8 8 35
7 8 35
6 8 35
6 8 34
7 8 34
8 8 34
9 8 34
9 9 34
9 10 34
9 11 34
9 12 34
8 12 34
7 12 34
6 12 34
5 12 34
5 11 34
5 10 34
6 10 34
6 11 34
7 11 34
8 11 34
8 10 34
8 9 34
7 9 34
6 9 34
5 9 34
5 9 33
6 9 33
7 9 33
7 10 33
8 10 33
8 11 33
7 11 33
6 11 33
6 10 33
5 10 33
5 10 32
5 9 32
6 9 32
6 8 32
7 8 32
8 8 32
8 9 32
9 9 32
9 10 32
10 10 32
10 11 32
9 11 32
9 12 32
8 12 32
8 13 32
7 13 32
6 13 32
6 12 32
5 12 32
5 11 32
4 11 32
4 11 31
4 12 31
5 12 31
6 12 31
6 13 31
7 13 31
8 13 31
8 12 31
9 12 31
10 12 31
10 11 31
10 10 31
9 10 31
9 9 31
8 9 31
8 8 31
7 8 31
6 8 31
6 9 31
5 9 31
5 10 31
5 10 30
5 9 30
6 9 30
6 8 30
7 8 30
8 8 30
8 9 30
9 9 30
9 10 30
10 10 30
10 11 30
10 12 30
10 13 30
9 13 30
8 13 30
8 14 30
7 14 30
6 14 30
6 13 30
5 13 30
4 13 30
4 13 29
5 13 29
5 14 29
6 14 29
6 15 29
7 15 29
8 15 29
8 14 29
9 14 29
9 13 29
10 13 29
10 12 29
10 11 29
10 10 29
9 10 29
9 9 29
8 9 29
8 8 29
7 8 29
6 8 29
6 9 29
5 9 29
5 9 28
6 9 28
6 8 28
7 8 28
8 8 28
8 9 28
9 9 28
9 10 28
10 10 28
10 11 28
10 12 28
10 13 28
10 14 28
9 14 28
9 15 28
9 16 28
9 17 28
9 18 28
8 18 28
8 19 28
8 20 28
8 21 28
8 22 28
7 22 28
6 22 28
6 21 28
6 20 28
6 19 28
6 18 28
5 18 28
5 17 28
5 16 28
5 15 28
5 14 28
4 14 28
4 13 28
4 12 28
4 11 28
5 11 28
6 11 28
7 11 28
7 12 28
6 12 28
5 12 28
5 13 28
6 13 28
6 14 28
6 15 28
6 16 28
6 17 28
7 17 28
8 17 28
8 16 28
8 15 28
8 14 28
8 13 28
9 13 28
9 12 28
9 11 28
8 11 28
8 10 28
7 10 28
6 10 28
5 10 28
4 10 28
4 10 27
5 10 27
6 10 27
7 10 27
8 10 27
8 11 27
9 11 27
9 12 27
9 13 27
9 14 27
9 15 27
9 16 27
9 17 27
8 17 27
8 18 27
8 19 27
8 20 27
8 21 27
8 22 27
7 22 27
6 22 27
6 21 27
6 20 27
6 19 27
6 18 27
6 17 27
5 17 27
5 16 27
5 15 27
5 14 27
5 13 27
5 12 27
6 12 27
6 13 27
6 14 27
6 15 27
6 16 27
7 16 27
8 16 27
8 15 27
8 14 27
8 13 27
8 12 27
7 12 27
7 11 27
6 11 27
5 11 27
4 11 27
4 12 27
4 13 27
4 13 26
5 13 26
6 13 26
6 12 26
7 12 26
8 12 26
8 13 26
9 13 26
9 14 26
8 14 26
8 15 26
8 16 26
8 17 26
8 18 26
8 19 26
8 20 26
8 21 26
7 21 26
6 21 26
6 20 26
6 19 26
6 18 26
6 17 26
6 16 26
6 15 26
6 14 26
5 14 26
4 14 26
4 15 26
5 15 26
5 16 26
5 17 26
5 18 26
5 19 26
5 20 26
5 21 26
5 22 26
6 22 26
6 23 26
6 24 26
7 24 26
8 24 26
8 23 26
8 22 26
9 22 26
9 21 26
9 20 26
9 19 26
9 18 26
9 17 26
9 16 26
9 15 26
10 15 26
10 14 26
10 13 26
10 12 26
9 12 26
9 11 26
8 11 26
8 10 26
7 10 26
6 10 26
6 11 26
5 11 26
5 12 26
4 12 26
3 12 26
3 12 25
4 12 25
5 12 25
5 11 25
6 11 25
6 10 25
7 10 25
8 10 25
8 11 25
9 11 25
9 12 25
10 12 25
10 13 25
10 14 25
10 15 25
10 16 25
10 17 25
10 18 25
10 19 25
10 20 25
9 20 25
9 21 25
9 22 25
9 23 25
9 24 25
9 25 25
8 25 25
8 26 25
7 26 25
6 26 25
6 25 25
5 25 25
5 24 25
5 23 25
5 22 25
5 21 25
5 20 25
4 20 25
4 19 25
4 18 25
4 17 25
4 16 25
4 15 25
4 14 25
5 14 25
6 14 25
7 14 25
8 14 25
8 15 25
8 16 25
8 17 25
8 18 25
7 18 25
6 18 25
6 17 25
6 16 25
6 15 25
5 15 25
5 16 25
5 17 25
5 18 25
5 19 25
6 19 25
6 20 25
6 21 25
6 22 25
6 23 25
6 24 25
7 24 25
8 24 25
8 23 25
8 22 25
8 21 25
8 20 25
8 19 25
9 19 25
9 18 25
9 17 25
9 16 25
9 15 25
9 14 25
9 13 25
8 13 25
8 12 25
7 12 25
6 12 25
6 13 25
5 13 25
4 13 25
3 13 25
3 14 25
3 14 24
4 14 24
5 14 24
6 14 24
6 13 24
6 12 24
7 12 24
8 12 24
8 13 24
8 14 24
9 14 24
9 15 24
9 16 24
9 17 24
9 18 24
9 19 24
9 20 24
9 21 24
9 22 24
9 23 24
9 24 24
8 24 24
8 25 24
8 26 24
7 26 24
6 26 24
6 25 24
6 24 24
5 24 24
5 23 24
5 22 24
5 21 24
5 20 24
5 19 24
5 18 24
5 17 24
5 16 24
6 16 24
6 17 24
6 18 24
6 19 24
6 20 24
6 21 24
6 22 24
6 23 24
7 23 24
8 23 24
8 22 24
8 21 24
8 20 24
8 19 24
8 18 24
8 17 24
8 16 24
8 15 24
7 15 24
6 15 24
5 15 24
4 15 24
4 16 24
4 17 24
4 18 24
4 19 24
4 20 24
4 21 24
4 22 24
4 23 24
4 24 24
4 25 24
5 25 24
5 26 24
5 27 24
6 27 24
6 28 24
7 28 24
8 28 24
8 27 24
9 27 24
9 26 24
9 25 24
10 25 24
10 24 24
10 23 24
10 22 24
10 21 24
10 20 24
10 19 24
10 18 24
10 17 24
10 16 24
10 15 24
10 14 24
10 13 24
9 13 24
9 12 24
9 11 24
8 11 24
7 11 24
6 11 24
5 11 24
5 12 24
5 13 24
4 13 24
3 13 24
3 13 23
3 14 23
3 15 23
3 15 22
3 14 22
3 13 22
3 12 22
4 12 22
4 11 22
5 11 22
5 10 22
6 10 22
7 10 22
8 10 22
9 10 22
9 11 22
10 11 22
10 12 22
11 12 22
11 13 22
11 14 22
11 15 22
12 15 22
12 16 22
12 17 22
12 18 22
12 19 22
12 20 22
12 21 22
12 22 22
12 23 22
12 24 22
12 25 22
12 26 22
12 27 22
11 27 22
11 28 22
11 29 22
11 30 22
11 31 22
10 31 22
10 32 22
9 32 22
9 33 22
8 33 22
8 34 22
8 35 22
7 35 22
6 35 22
6 34 22
6 33 22
5 33 22
5 32 22
4 32 22
4 31 22
3 31 22
3 30 22
3 29 22
3 28 22
3 27 22
2 27 22
2 26 22
2 25 22
2 24 22
2 23 22
2 22 22
2 21 22
2 20 22
2 19 22
2 18 22
2 17 22
3 17 22
4 17 22
5 17 22
5 16 22
5 15 22
5 14 22
6 14 22
6 13 22
7 13 22
8 13 22
8 14 22
9 14 22
9 15 22
9 16 22
9 17 22
10 17 22
10 18 22
10 19 22
10 20 22
10 21 22
10 22 22
10 23 22
10 24 22
10 25 22
9 25 22
9 26 22
9 27 22
9 28 22
9 29 22
8 29 22
8 30 22
7 30 22
6 30 22
6 29 22
5 29 22
5 28 22
5 27 22
5 26 22
5 25 22
4 25 22
4 24 22
4 23 22
4 22 22
4 21 22
4 20 22
4 19 22
5 19 22
6 19 22
7 19 22
8 19 22
8 20 22
8 21 22
8 22 22
8 23 22
7 23 22
6 23 22
6 22 22
6 21 22
6 20 22
5 20 22
5 21 22
5 22 22
5 23 22
5 24 22
6 24 22
6 25 22
6 26 22
6 27 22
6 28 22
7 28 22
8 28 22
8 27 22
8 26 22
8 25 22
8 24 22
9 24 22
9 23 22
9 22 22
9 21 22
9 20 22
9 19 22
9 18 22
8 18 22
8 17 22
8 16 22
8 15 22
7 15 22
6 15 22
6 16 22
6 17 22
6 18 22
5 18 22
4 18 22
3 18 22
3 19 22
3 20 22
3 21 22
3 22 22
3 23 22
3 24 22
3 25 22
3 26 22
4 26 22
4 27 22
4 28 22
4 29 22
4 30 22
5 30 22
5 31 22
6 31 22
6 32 22
7 32 22
8 32 22
8 31 22
9 31 22
9 30 22
10 30 22
10 29 22
10 28 22
10 27 22
10 26 22
11 26 22
11 25 22
11 24 22
11 23 22
11 22 22
11 21 22
11 20 22
11 19 22
11 18 22
11 17 22
11 16 22
10 16 22
10 15 22
10 14 22
10 13 22
9 13 22
9 12 22
8 12 22
8 11 22
7 11 22
6 11 22
6 12 22
5 12 22
5 13 22
4 13 22
4 14 22
4 15 22
4 16 22
3 16 22
2 16 22
2 16 21
3 16 21
4 16 21
4 15 21
4 14 21
5 14 21
5 13 21
5 12 21
6 12 21
7 12 21
8 12 21
9 12 21
9 13 21
9 14 21
10 14 21
10 15 21
10 16 21
11 16 21
11 17 21
11 18 21
11 19 21
11 20 21
11 21 21
11 22 21
11 23 21
11 24 21
11 25 21
11 26 21
11 27 21
11 28 21
10 28 21
10 29 21
10 30 21
10 31 21
10 32 21
9 32 21
9 33 21
8 33 21
8 34 21
7 34 21
6 34 21
6 33 21
5 33 21
5 32 21
4 32 21
4 31 21
4 30 21
4 29 21
4 28 21
3 28 21
3 27 21
3 26 21
3 25 21
3 24 21
3 23 21
3 22 21
3 21 21
3 20 21
3 19 21
3 18 21
4 18 21
5 18 21
6 18 21
6 17 21
6 16 21
7 16 21
8 16 21
8 17 21
8 18 21
9 18 21
9 19 21
9 20 21
9 21 21
9 22 21
9 23 21
9 24 21
9 25 21
9 26 21
8 26 21
8 27 21
8 28 21
8 29 21
8 30 21
7 30 21
6 30 21
6 29 21
6 28 21
6 27 21
6 26 21
5 26 21
5 25 21
5 24 21
5 23 21
5 22 21
5 21 21
5 20 21
6 20 21
6 21 21
6 22 21
6 23 21
6 24 21
6 25 21
7 25 21
8 25 21
8 24 21
8 23 21
8 22 21
8 21 21
8 20 21
8 19 21
7 19 21
6 19 21
5 19 21
4 19 21
4 20 21
4 21 21
4 22 21
4 23 21
4 24 21
4 25 21
4 26 21
4 27 21
5 27 21
5 28 21
5 29 21
5 30 21
5 31 21
6 31 21
6 32 21
7 32 21
8 32 21
8 31 21
9 31 21
9 30 21
9 29 21
9 28 21
9 27 21
10 27 21
10 26 21
10 25 21
10 24 21
10 23 21
10 22 21
10 21 21
10 20 21
10 19 21
10 18 21
10 17 21
9 17 21
9 16 21
9 15 21
8 15 21
8 14 21
8 13 21
7 13 21
6 13 21
6 14 21
6 15 21
5 15 21
5 16 21
5 17 21
4 17 21
3 17 21
2 17 21
2 18 21
2 19 21
2 20 21
2 21 21
2 22 21
2 23 21
2 24 21
2 25 21
2 26 21
2 27 21
2 28 21
2 29 21
3 29 21
3 30 21
3 31 21
3 32 21
3 33 21
4 33 21
4 34 21
5 34 21
5 35 21
6 35 21
6 36 21
7 36 21
8 36 21
8 35 21
9 35 21
9 34 21
10 34 21
10 33 21
11 33 21
11 32 21
11 31 21
11 30 21
11 29 21
12 29 21
12 28 21
12 27 21
12 26 21
12 25 21
12 24 21
12 23 21
12 22 21
12 21 21
12 20 21
12 19 21
12 18 21
12 17 21
12 16 21
12 15 21
11 15 21
11 14 21
11 13 21
10 13 21
10 12 21
10 11 21
9 11 21
8 11 21
8 10 21
7 10 21
6 10 21
6 11 21
5 11 21
4 11 21
4 12 21
4 13 21
3 13 21
3 14 21
3 15 21
3 15 20
3 14 20
3 13 20
4 13 20
4 12 20
5 12 20
5 11 20
6 11 20
7 11 20
8 11 20
9 11 20
9 12 20
10 12 20
10 13 20
11 13 20
11 14 20
11 15 20
12 15 20
12 16 20
12 17 20
13 17 20
13 18 20
13 19 20
12 19 20
12 20 20
12 21 20
12 22 20
12 23 20
13 23 20
13 24 20
13 25 20
13 26 20
12 26 20
12 27 20
12 28 20
12 29 20
12 30 20
12 31 20
12 32 20
12 33 20
12 34 20
11 34 20
11 35 20
10 35 20
10 36 20
9 36 20
9 37 20
8 37 20
8 38 20
7 38 20
6 38 20
6 37 20
5 37 20
5 36 20
4 36 20
4 35 20
3 35 20
3 34 20
2 34 20
2 33 20
2 32 20
2 31 20
2 30 20
2 29 20
2 28 20
2 27 20
2 26 20
1 26 20
1 25 20
2 25 20
3 25 20
3 26 20
3 27 20
3 28 20
3 29 20
3 30 20
3 31 20
3 32 20
3 33 20
4 33 20
4 34 20
5 34 20
5 35 20
6 35 20
6 36 20
7 36 20
8 36 20
8 35 20
9 35 20
9 34 20
10 34 20
10 33 20
11 33 20
11 32 20
11 31 20
11 30 20
11 29 20
11 28 20
11 27 20
11 26 20
11 25 20
12 25 20
12 24 20
11 24 20
11 23 20
11 22 20
11 21 20
11 20 20
11 19 20
11 18 20
11 17 20
11 16 20
10 16 20
10 15 20
10 14 20
9 14 20
9 13 20
8 13 20
8 12 20
7 12 20
6 12 20
6 13 20
5 13 20
5 14 20
4 14 20
4 15 20
4 16 20
3 16 20
3 17 20
4 17 20
5 17 20
5 16 20
5 15 20
6 15 20
6 14 20
7 14 20
8 14 20
8 15 20
9 15 20
9 16 20
9 17 20
10 17 20
10 18 20
10 19 20
10 20 20
10 21 20
10 22 20
10 23 20
10 24 20
10 25 20
10 26 20
10 27 20
10 28 20
10 29 20
10 30 20
10 31 20
10 32 20
9 32 20
9 33 20
8 33 20
8 34 20
7 34 20
6 34 20
6 33 20
5 33 20
5 32 20
4 32 20
4 31 20
4 30 20
4 29 20
4 28 20
4 27 20
4 26 20
4 25 20
4 24 20
4 23 20
4 22 20
4 21 20
4 20 20
4 19 20
5 19 20
6 19 20
7 19 20
8 19 20
8 20 20
8 21 20
8 22 20
8 23 20
8 24 20
8 25 20
8 26 20
8 27 20
8 28 20
8 29 20
8 30 20
7 30 20
6 30 20
6 29 20
6 28 20
6 27 20
6 26 20
6 25 20
6 24 20
6 23 20
6 22 20
6 21 20
6 20 20
5 20 20
5 21 20
5 22 20
5 23 20
5 24 20
5 25 20
5 26 20
5 27 20
5 28 20
5 29 20
5 30 20
5 31 20
6 31 20
6 32 20
7 32 20
8 32 20
8 31 20
9 31 20
9 30 20
9 29 20
9 28 20
9 27 20
9 26 20
9 25 20
9 24 20
9 23 20
9 22 20
9 21 20
9 20 20
9 19 20
9 18 20
8 18 20
8 17 20
8 16 20
7 16 20
6 16 20
6 17 20
6 18 20
5 18 20
4 18 20
3 18 20
3 19 20
3 20 20
3 21 20
3 22 20
3 23 20
3 24 20
2 24 20
1 24 20
1 24 19
1 25 19
1 26 19
2 26 19
2 27 19
2 28 19
2 29 19
2 30 19
2 31 19
2 32 19
2 33 19
2 34 19
2 35 19
3 35 19
3 36 19
4 36 19
4 37 19
5 37 19
5 38 19
6 38 19
6 39 19
6 40 19
7 40 19
8 40 19
8 39 19
8 38 19
9 38 19
9 37 19
10 37 19
10 36 19
11 36 19
11 35 19
12 35 19
12 34 19
12 33 19
12 32 19
12 31 19
12 30 19
12 29 19
12 28 19
12 27 19
12 26 19
13 26 19
13 25 19
13 24 19
13 23 19
13 22 19
13 21 19
13 20 19
13 19 19
13 18 19
13 17 19
13 16 19
12 16 19
12 15 19
12 14 19
11 14 19
10 14 19
10 13 19
10 12 19
9 12 19
9 11 19
8 11 19
7 11 19
6 11 19
5 11 19
5 12 19
4 12 19
4 13 19
4 14 19
3 14 19
2 14 19
2 15 19
2 16 19
1 16 19
1 17 19
2 17 19
3 17 19
3 16 19
3 15 19
4 15 19
5 15 19
5 14 19
5 13 19
6 13 19
6 12 19
7 12 19
8 12 19
8 13 19
9 13 19
9 14 19
9 15 19
10 15 19
11 15 19
11 16 19
11 17 19
12 17 19
12 18 19
12 19 19
12 20 19
12 21 19
12 22 19
12 23 19
12 24 19
12 25 19
11 25 19
11 26 19
11 27 19
11 28 19
11 29 19
11 30 19
11 31 19
11 32 19
11 33 19
11 34 19
10 34 19
10 35 19
9 35 19
9 36 19
8 36 19
8 37 19
7 37 19
6 37 19
6 36 19
5 36 19
5 35 19
4 35 19
4 34 19
3 34 19
3 33 19
3 32 19
3 31 19
3 30 19
3 29 19
3 28 19
3 27 19
3 26 19
3 25 19
2 25 19
2 24 19
2 23 19
2 22 19
2 21 19
2 20 19
2 19 19
3 19 19
4 19 19
5 19 19
5 18 19
5 17 19
6 17 19
7 17 19
8 17 19
9 17 19
9 18 19
9 19 19
10 19 19
10 20 19
10 21 19
10 22 19
10 23 19
9 23 19
9 24 19
9 25 19
9 26 19
9 27 19
9 28 19
9 29 19
9 30 19
9 31 19
9 32 19
8 32 19
8 33 19
7 33 19
6 33 19
6 32 19
5 32 19
5 31 19
5 30 19
5 29 19
5 28 19
5 27 19
5 26 19
5 25 19
5 24 19
5 23 19
4 23 19
4 22 19
4 21 19
5 21 19
5 22 19
6 22 19
6 23 19
6 24 19
6 25 19
6 26 19
6 27 19
6 28 19
6 29 19
6 30 19
6 31 19
7 31 19
8 31 19
8 30 19
8 29 19
8 28 19
8 27 19
8 26 19
8 25 19
8 24 19
8 23 19
8 22 19
9 22 19
9 21 19
9 20 19
8 20 19
8 19 19
8 18 19
7 18 19
6 18 19
6 19 19
6 20 19
5 20 19
4 20 19
3 20 19
3 21 19
3 22 19
3 23 19
3 24 19
4 24 19
4 25 19
4 26 19
4 27 19
4 28 19
4 29 19
4 30 19
4 31 19
4 32 19
4 33 19
5 33 19
5 34 19
6 34 19
6 35 19
7 35 19
8 35 19
8 34 19
9 34 19
9 33 19
10 33 19
10 32 19
10 31 19
10 30 19
10 29 19
10 28 19
10 27 19
10 26 19
10 25 19
10 24 19
11 24 19
11 23 19
11 22 19
11 21 19
11 20 19
11 19 19
11 18 19
10 18 19
10 17 19
10 16 19
9 16 19
8 16 19
8 15 19
8 14 19
7 14 19
6 14 19
6 15 19
6 16 19
5 16 19
4 16 19
4 17 19
4 18 19
3 18 19
2 18 19
1 18 19
1 18 18
1 17 18
2 17 18
3 17 18
4 17 18
4 16 18
5 16 18
6 16 18
6 15 18
7 15 18
8 15 18
8 16 18
9 16 18
10 16 18
10 17 18
11 17 18
11 18 18
11 19 18
11 20 18
11 21 18
11 22 18
11 23 18
11 24 18
11 25 18
10 25 18
10 26 18
10 27 18
10 28 18
10 29 18
10 30 18
10 31 18
10 32 18
10 33 18
10 34 18
9 34 18
9 35 18
8 35 18
8 36 18
7 36 18
6 36 18
6 35 18
5 35 18
5 34 18
4 34 18
4 33 18
4 32 18
4 31 18
4 30 18
4 29 18
4 28 18
4 27 18
4 26 18
4 25 18
3 25 18
3 24 18
3 23 18
3 22 18
3 21 18
3 20 18
3 19 18
4 19 18
5 19 18
6 19 18
6 18 18
7 18 18
8 18 18
8 19 18
9 19 18
9 20 18
9 21 18
9 22 18
9 23 18
8 23 18
8 24 18
8 25 18
8 26 18
8 27 18
8 28 18
8 29 18
8 30 18
8 31 18
8 32 18
7 32 18
6 32 18
6 31 18
6 30 18
6 29 18
6 28 18
6 27 18
6 26 18
6 25 18
6 24 18
6 23 18
5 23 18
5 22 18
5 21 18
6 21 18
6 22 18
7 22 18
8 22 18
8 21 18
8 20 18
7 20 18
6 20 18
5 20 18
4 20 18
4 21 18
4 22 18
4 23 18
4 24 18
5 24 18
5 25 18
5 26 18
5 27 18
5 28 18
5 29 18
5 30 18
5 31 18
5 32 18
5 33 18
6 33 18
6 34 18
7 34 18
8 34 18
8 33 18
9 33 18
9 32 18
9 31 18
9 30 18
9 29 18
9 28 18
9 27 18
9 26 18
9 25 18
9 24 18
10 24 18
10 23 18
10 22 18
10 21 18
10 20 18
10 19 18
10 18 18
9 18 18
9 17 18
8 17 18
7 17 18
6 17 18
5 17 18
5 18 18
4 18 18
3 18 18
2 18 18
2 19 18
2 20 18
2 21 18
2 22 18
2 23 18
2 24 18
2 25 18
2 26 18
3 26 18
3 27 18
3 28 18
3 29 18
3 30 18
2 30 18
2 31 18
2 32 18
3 32 18
3 33 18
3 34 18
3 35 18
4 35 18
4 36 18
5 36 18
5 37 18
6 37 18
6 38 18
6 39 18
7 39 18
8 39 18
8 38 18
8 37 18
9 37 18
9 36 18
10 36 18
10 35 18
11 35 18
11 34 18
11 33 18
11 32 18
12 32 18
12 31 18
12 30 18
11 30 18
11 29 18
11 28 18
11 27 18
11 26 18
12 26 18
12 25 18
12 24 18
12 23 18
12 22 18
12 21 18
12 20 18
12 19 18
12 18 18
12 17 18
12 16 18
11 16 18
11 15 18
10 15 18
9 15 18
9 14 18
8 14 18
8 13 18
7 13 18
6 13 18
6 14 18
5 14 18
5 15 18
4 15 18
3 15 18
3 16 18
2 16 18
1 16 18
1 16 17
2 16 17
3 16 17
3 15 17
4 15 17
5 15 17
5 14 17
6 14 17
6 13 17
7 13 17
8 13 17
8 14 17
9 14 17
9 15 17
10 15 17
11 15 17
11 16 17
12 16 17
12 17 17
12 18 17
12 19 17
12 20 17
12 21 17
12 22 17
12 23 17
12 24 17
12 25 17
12 26 17
11 26 17
11 27 17
11 28 17
11 29 17
11 30 17
12 30 17
12 31 17
12 32 17
11 32 17
11 33 17
11 34 17
11 35 17
10 35 17
10 36 17
9 36 17
9 37 17
9 38 17
8 38 17
8 39 17
8 40 17
7 40 17
6 40 17
6 39 17
6 38 17
5 38 17
5 37 17
5 36 17
4 36 17
4 35 17
3 35 17
3 34 17
3 33 17
3 32 17
2 32 17
2 31 17
2 30 17
3 30 17
3 29 17
3 28 17
3 27 17
3 26 17
2 26 17
2 25 17
2 24 17
2 23 17
2 22 17
2 21 17
2 20 17
2 19 17
2 18 17
3 18 17
4 18 17
5 18 17
5 17 17
6 17 17
7 17 17
8 17 17
9 17 17
9 18 17
10 18 17
10 19 17
10 20 17
10 21 17
10 22 17
10 23 17
10 24 17
9 24 17
9 25 17
9 26 17
9 27 17
9 28 17
9 29 17
9 30 17
9 31 17
9 32 17
9 33 17
8 33 17
8 34 17
7 34 17
6 34 17
6 33 17
5 33 17
5 32 17
5 31 17
5 30 17
5 29 17
5 28 17
5 27 17
5 26 17
5 25 17
5 24 17
4 24 17
4 23 17
4 22 17
4 21 17
4 20 17
5 20 17
6 20 17
7 20 17
8 20 17
8 21 17
8 22 17
7 22 17
6 22 17
6 21 17
5 21 17
5 22 17
5 23 17
6 23 17
6 24 17
6 25 17
6 26 17
6 27 17
6 28 17
6 29 17
6 30 17
6 31 17
6 32 17
7 32 17
8 32 17
8 31 17
8 30 17
8 29 17
8 28 17
8 27 17
8 26 17
8 25 17
8 24 17
8 23 17
9 23 17
9 22 17
9 21 17
9 20 17
9 19 17
8 19 17
8 18 17
7 18 17
6 18 17
6 19 17
5 19 17
4 19 17
3 19 17
3 20 17
3 21 17
3 22 17
3 23 17
3 24 17
3 25 17
4 25 17
4 26 17
4 27 17
4 28 17
4 29 17
4 30 17
4 31 17
4 32 17
4 33 17
4 34 17
5 34 17
5 35 17
6 35 17
6 36 17
6 37 17
7 37 17
8 37 17
8 36 17
8 35 17
9 35 17
9 34 17
10 34 17
10 33 17
10 32 17
10 31 17
10 30 17
10 29 17
10 28 17
10 27 17
10 26 17
10 25 17
11 25 17
11 24 17
11 23 17
11 22 17
11 21 17
11 20 17
11 19 17
11 18 17
11 17 17
10 17 17
10 16 17
9 16 17
8 16 17
8 15 17
7 15 17
6 15 17
6 16 17
5 16 17
4 16 17
4 17 17
3 17 17
2 17 17
1 17 17
1 18 17
1 19 17
1 20 17
1 21 17
1 22 17
1 23 17
1 24 17
1 25 17
1 26 17
1 27 17
2 27 17
2 28 17
2 29 17
1 29 17
1 30 17
1 31 17
1 32 17
1 33 17
2 33 17
2 34 17
2 35 17
2 36 17
3 36 17
3 37 17
4 37 17
4 38 17
4 39 17
5 39 17
5 40 17
5 41 17
6 41 17
6 42 17
7 42 17
8 42 17
8 41 17
9 41 17
9 40 17
9 39 17
10 39 17
10 38 17
10 37 17
11 37 17
11 36 17
12 36 17
12 35 17
12 34 17
12 33 17
13 33 17
13 32 17
13 31 17
13 30 17
13 29 17
12 29 17
12 28 17
12 27 17
13 27 17
13 26 17
13 25 17
13 24 17
13 23 17
13 22 17
13 21 17
13 20 17
13 19 17
13 18 17
13 17 17
13 16 17
13 15 17
12 15 17
12 14 17
11 14 17
10 14 17
10 13 17
9 13 17
9 12 17
8 12 17
7 12 17
6 12 17
5 12 17
5 13 17
4 13 17
4 14 17
3 14 17
2 14 17
2 15 17
2 15 16
2 14 16
3 14 16
4 14 16
4 13 16
5 13 16
6 13 16
7 13 16
8 13 16
9 13 16
10 13 16
10 14 16
11 14 16
12 14 16
12 15 16
13 15 16
13 16 16
13 17 16
13 18 16
13 19 16
13 20 16
13 21 16
13 22 16
13 23 16
13 24 16
13 25 16
13 26 16
13 27 16
13 28 16
13 29 16
13 30 16
13 31 16
13 32 16
13 33 16
13 34 16
12 34 16
12 35 16
12 36 16
11 36 16
11 37 16
10 37 16
10 38 16
10 39 16
10 40 16
9 40 16
9 41 16
9 42 16
9 43 16
8 43 16
8 44 16
8 45 16
7 45 16
6 45 16
6 44 16
6 43 16
5 43 16
5 42 16
5 41 16
5 40 16
4 40 16
4 39 16
4 38 16
4 37 16
3 37 16
3 36 16
2 36 16
2 35 16
2 34 16
2 33 16
1 33 16
1 32 16
1 31 16
1 30 16
1 29 16
1 28 16
1 27 16
1 26 16
1 25 16
1 24 16
1 23 16
1 22 16
1 21 16
1 20 16
1 19 16
1 18 16
1 17 16
2 17 16
3 17 16
4 17 16
4 16 16
5 16 16
6 16 16
6 15 16
7 15 16
8 15 16
8 16 16
9 16 16
10 16 16
10 17 16
11 17 16
11 18 16
11 19 16
11 20 16
11 21 16
11 22 16
11 23 16
11 24 16
11 25 16
11 26 16
11 27 16
11 28 16
11 29 16
11 30 16
11 31 16
11 32 16
10 32 16
10 33 16
10 34 16
9 34 16
9 35 16
8 35 16
8 36 16
8 37 16
8 38 16
7 38 16
6 38 16
6 37 16
6 36 16
6 35 16
5 35 16
5 34 16
4 34 16
4 33 16
4 32 16
4 31 16
3 31 16
3 30 16
3 29 16
3 28 16
3 27 16
3 26 16
3 25 16
3 24 16
3 23 16
3 22 16
3 21 16
3 20 16
3 19 16
4 19 16
5 19 16
6 19 16
6 18 16
7 18 16
8 18 16
8 19 16
9 19 16
9 20 16
9 21 16
9 22 16
9 23 16
9 24 16
9 25 16
9 26 16
9 27 16
9 28 16
9 29 16
9 30 16
8 30 16
8 31 16
8 32 16
7 32 16
6 32 16
6 31 16
6 30 16
6 29 16
5 29 16
5 28 16
5 27 16
5 26 16
5 25 16
5 24 16
5 23 16
5 22 16
5 21 16
6 21 16
6 22 16
6 23 16
6 24 16
6 25 16
6 26 16
6 27 16
6 28 16
7 28 16
7 29 16
8 29 16
8 28 16
8 27 16
8 26 16
8 25 16
8 24 16
8 23 16
8 22 16
8 21 16
8 20 16
7 20 16
6 20 16
5 20 16
4 20 16
4 21 16
4 22 16
4 23 16
4 24 16
4 25 16
4 26 16
4 27 16
4 28 16
4 29 16
4 30 16
5 30 16
5 31 16
5 32 16
5 33 16
6 33 16
6 34 16
7 34 16
8 34 16
8 33 16
9 33 16
9 32 16
9 31 16
10 31 16
10 30 16
10 29 16
10 28 16
10 27 16
10 26 16
10 25 16
10 24 16
10 23 16
10 22 16
10 21 16
10 20 16
10 19 16
10 18 16
9 18 16
9 17 16
8 17 16
7 17 16
6 17 16
5 17 16
5 18 16
4 18 16
3 18 16
2 18 16
2 19 16
2 20 16
2 21 16
2 22 16
2 23 16
2 24 16
2 25 16
2 26 16
2 27 16
2 28 16
2 29 16
2 30 16
2 31 16
2 32 16
3 32 16
3 33 16
3 34 16
3 35 16
4 35 16
4 36 16
5 36 16
5 37 16
5 38 16
5 39 16
6 39 16
6 40 16
6 41 16
6 42 16
7 42 16
8 42 16
8 41 16
8 40 16
8 39 16
9 39 16
9 38 16
9 37 16
9 36 16
10 36 16
10 35 16
11 35 16
11 34 16
11 33 16
12 33 16
12 32 16
12 31 16
12 30 16
12 29 16
12 28 16
12 27 16
12 26 16
12 25 16
12 24 16
12 23 16
12 22 16
12 21 16
12 20 16
12 19 16
12 18 16
12 17 16
12 16 16
11 16 16
11 15 16
10 15 16
9 15 16
9 14 16
8 14 16
7 14 16
6 14 16
5 14 16
5 15 16
4 15 16
3 15 16
3 16 16
2 16 16
1 16 16
1 16 15
2 16 15
3 16 15
3 15 15
4 15 15
5 15 15
6 15 15
6 14 15
7 14 15
8 14 15
8 15 15
9 15 15
10 15 15
11 15 15
11 16 15
12 16 15
12 17 15
12 18 15
12 19 15
12 20 15
12 21 15
12 22 15
12 23 15
12 24 15
12 25 15
12 26 15
12 27 15
12 28 15
12 29 15
12 30 15
12 31 15
12 32 15
12 33 15
11 33 15
11 34 15
11 35 15
10 35 15
10 36 15
9 36 15
9 37 15
9 38 15
9 39 15
8 39 15
8 40 15
8 41 15
8 42 15
8 43 15
8 44 15
7 44 15
6 44 15
6 43 15
6 42 15
6 41 15
6 40 15
6 39 15
5 39 15
5 38 15
5 37 15
5 36 15
4 36 15
4 35 15
3 35 15
3 34 15
3 33 15
3 32 15
2 32 15
2 31 15
2 30 15
2 29 15
2 28 15
2 27 15
2 26 15
2 25 15
2 24 15
2 23 15
2 22 15
2 21 15
2 20 15
2 19 15
2 18 15
3 18 15
4 18 15
5 18 15
5 17 15
6 17 15
7 17 15
8 17 15
9 17 15
9 18 15
10 18 15
10 19 15
10 20 15
10 21 15
10 22 15
10 23 15
10 24 15
10 25 15
10 26 15
10 27 15
10 28 15
10 29 15
10 30 15
10 31 15
9 31 15
9 32 15
9 33 15
8 33 15
8 34 15
7 34 15
6 34 15
6 33 15
5 33 15
5 32 15
5 31 15
5 30 15
4 30 15
4 29 15
4 28 15
4 27 15
4 26 15
4 25 15
4 24 15
4 23 15
4 22 15
4 21 15
4 20 15
5 20 15
6 20 15
7 20 15
8 20 15
8 21 15
8 22 15
8 23 15
8 24 15
8 25 15
8 26 15
8 27 15
8 28 15
8 29 15
7 29 15
7 28 15
6 28 15
6 27 15
6 26 15
6 25 15
6 24 15
6 23 15
6 22 15
6 21 15
5 21 15
5 22 15
5 23 15
5 24 15
5 25 15
5 26 15
5 27 15
5 28 15
5 29 15
6 29 15
6 30 15
6 31 15
6 32 15
7 32 15
8 32 15
8 31 15
8 30 15
9 30 15
9 29 15
9 28 15
9 27 15
9 26 15
9 25 15
9 24 15
9 23 15
9 22 15
9 21 15
9 20 15
9 19 15
8 19 15
8 18 15
7 18 15
6 18 15
6 19 15
5 19 15
4 19 15
3 19 15
3 20 15
3 21 15
3 22 15
3 23 15
3 24 15
3 25 15
3 26 15
3 27 15
3 28 15
3 29 15
3 30 15
3 31 15
4 31 15
4 32 15
4 33 15
4 34 15
5 34 15
5 35 15
6 35 15
6 36 15
6 37 15
6 38 15
7 38 15
8 38 15
8 37 15
8 36 15
8 35 15
9 35 15
9 34 15
10 34 15
10 33 15
10 32 15
11 32 15
11 31 15
11 30 15
11 29 15
11 28 15
11 27 15
11 26 15
11 25 15
11 24 15
11 23 15
11 22 15
11 21 15
11 20 15
11 19 15
11 18 15
11 17 15
10 17 15
10 16 15
9 16 15
8 16 15
7 16 15
6 16 15
5 16 15
4 16 15
4 17 15
3 17 15
2 17 15
1 17 15
1 18 15
1 19 15
1 20 15
1 21 15
1 22 15
1 23 15
1 24 15
1 25 15
1 26 15
1 27 15
1 28 15
1 29 15
1 30 15
1 31 15
1 32 15
1 33 15
2 33 15
2 34 15
2 35 15
2 36 15
3 36 15
3 37 15
4 37 15
4 38 15
4 39 15
4 40 15
5 40 15
5 41 15
5 42 15
5 43 15
5 44 15
5 45 15
6 45 15
6 46 15
6 47 15
6 48 15
7 48 15
8 48 15
8 47 15
8 46 15
8 45 15
9 45 15
9 44 15
9 43 15
9 42 15
9 41 15
9 40 15
10 40 15
10 39 15
10 38 15
10 37 15
11 37 15
11 36 15
12 36 15
12 35 15
12 34 15
13 34 15
13 33 15
13 32 15
13 31 15
13 30 15
13 29 15
13 28 15
13 27 15
13 26 15
13 25 15
13 24 15
13 23 15
13 22 15
13 21 15
13 20 15
13 19 15
13 18 15
13 17 15
13 16 15
13 15 15
12 15 15
12 14 15
11 14 15
10 14 15
9 14 15
9 13 15
8 13 15
7 13 15
6 13 15
5 13 15
5 14 15
4 14 15
3 14 15
2 14 15
2 15 15
2 15 14
2 14 14
3 14 14
4 14 14
5 14 14
5 13 14
6 13 14
7 13 14
8 13 14
9 13 14
9 14 14
10 14 14
11 14 14
12 14 14
12 15 14
13 15 14
13 16 14
13 17 14
13 18 14
13 19 14
12 19 14
12 20 14
12 21 14
13 21 14
13 22 14
13 23 14
13 24 14
13 25 14
13 26 14
13 27 14
13 28 14
13 29 14
13 30 14
13 31 14
13 32 14
13 33 14
13 34 14
12 34 14
12 35 14
12 36 14
11 36 14
11 37 14
10 37 14
10 38 14
10 39 14
10 40 14
10 41 14
9 41 14
9 42 14
9 43 14
9 44 14
9 45 14
9 46 14
9 47 14
8 47 14
8 48 14
8 49 14
8 50 14
8 51 14
7 51 14
6 51 14
6 50 14
6 49 14
6 48 14
6 47 14
5 47 14
5 46 14
5 45 14
5 44 14
5 43 14
5 42 14
5 41 14
4 41 14
4 40 14
4 39 14
4 38 14
4 37 14
3 37 14
3 36 14
2 36 14
2 35 14
2 34 14
1 34 14
1 33 14
1 32 14
1 31 14
1 30 14
1 29 14
1 28 14
1 27 14
1 26 14
1 25 14
1 24 14
1 23 14
2 23 14
2 22 14
2 21 14
2 20 14
2 19 14
1 19 14
1 18 14
1 17 14
2 17 14
2 18 14
3 18 14
3 19 14
3 20 14
3 21 14
3 22 14
3 23 14
3 24 14
2 24 14
2 25 14
3 25 14
4 25 14
4 24 14
4 23 14
4 22 14
4 21 14
4 20 14
4 19 14
4 18 14
4 17 14
4 16 14
5 16 14
6 16 14
7 16 14
8 16 14
9 16 14
10 16 14
10 17 14
10 18 14
10 19 14
10 20 14
10 21 14
10 22 14
10 23 14
11 23 14
11 24 14
11 25 14
11 26 14
11 27 14
11 28 14
11 29 14
11 30 14
11 31 14
11 32 14
10 32 14
10 33 14
10 34 14
9 34 14
9 35 14
8 35 14
8 36 14
8 37 14
8 38 14
8 39 14
7 39 14
6 39 14
6 38 14
6 37 14
6 36 14
6 35 14
5 35 14
5 34 14
4 34 14
4 33 14
4 32 14
3 32 14
3 31 14
3 30 14
3 29 14
3 28 14
3 27 14
4 27 14
5 27 14
6 27 14
6 26 14
6 25 14
6 24 14
6 23 14
6 22 14
6 21 14
6 20 14
6 19 14
6 18 14
7 18 14
8 18 14
8 19 14
8 20 14
8 21 14
8 22 14
8 23 14
8 24 14
8 25 14
9 25 14
9 26 14
9 27 14
9 28 14
9 29 14
9 30 14
8 30 14
8 31 14
8 32 14
7 32 14
6 32 14
6 31 14
6 30 14
5 30 14
5 29 14
6 29 14
7 29 14
8 29 14
8 28 14
8 27 14
8 26 14
7 26 14
7 27 14
7 28 14
6 28 14
5 28 14
4 28 14
4 29 14
4 30 14
4 31 14
5 31 14
5 32 14
5 33 14
6 33 14
6 34 14
7 34 14
8 34 14
8 33 14
9 33 14
9 32 14
9 31 14
10 31 14
10 30 14
10 29 14
10 28 14
10 27 14
10 26 14
10 25 14
10 24 14
9 24 14
9 23 14
9 22 14
9 21 14
9 20 14
9 19 14
9 18 14
9 17 14
8 17 14
7 17 14
6 17 14
5 17 14
5 18 14
5 19 14
5 20 14
5 21 14
5 22 14
5 23 14
5 24 14
5 25 14
5 26 14
4 26 14
3 26 14
2 26 14
2 27 14
2 28 14
2 29 14
2 30 14
2 31 14
2 32 14
2 33 14
3 33 14
3 34 14
3 35 14
4 35 14
4 36 14
5 36 14
5 37 14
5 38 14
5 39 14
5 40 14
6 40 14
6 41 14
6 42 14
6 43 14
6 44 14
6 45 14
6 46 14
7 46 14
8 46 14
8 45 14
8 44 14
8 43 14
8 42 14
8 41 14
8 40 14
9 40 14
9 39 14
9 38 14
9 37 14
9 36 14
10 36 14
10 35 14
11 35 14
11 34 14
11 33 14
12 33 14
12 32 14
12 31 14
12 30 14
12 29 14
12 28 14
12 27 14
12 26 14
12 25 14
12 24 14
12 23 14
12 22 14
11 22 14
11 21 14
11 20 14
11 19 14
11 18 14
12 18 14
12 17 14
12 16 14
11 16 14
11 15 14
10 15 14
9 15 14
8 15 14
8 14 14
7 14 14
6 14 14
6 15 14
5 15 14
4 15 14
3 15 14
3 16 14
2 16 14
1 16 14
1 16 13
2 16 13
3 16 13
3 15 13
4 15 13
5 15 13
6 15 13
7 15 13
8 15 13
9 15 13
10 15 13
11 15 13
11 16 13
12 16 13
12 17 13
12 18 13
11 18 13
11 19 13
11 20 13
11 21 13
11 22 13
11 23 13
11 24 13
11 25 13
11 26 13
11 27 13
11 28 13
11 29 13
11 30 13
12 30 13
12 31 13
12 32 13
12 33 13
11 33 13
11 34 13
11 35 13
10 35 13
10 36 13
9 36 13
9 37 13
9 38 13
9 39 13
9 40 13
8 40 13
8 41 13
8 42 13
8 43 13
8 44 13
8 45 13
8 46 13
8 47 13
8 48 13
7 48 13
6 48 13
6 47 13
6 46 13
6 45 13
6 44 13
6 43 13
6 42 13
6 41 13
6 40 13
5 40 13
5 39 13
5 38 13
5 37 13
5 36 13
4 36 13
4 35 13
3 35 13
3 34 13
3 33 13
2 33 13
2 32 13
3 32 13
4 32 13
4 33 13
4 34 13
5 34 13
5 35 13
6 35 13
6 36 13
6 37 13
6 38 13
6 39 13
7 39 13
8 39 13
8 38 13
8 37 13
8 36 13
8 35 13
9 35 13
9 34 13
10 34 13
10 33 13
10 32 13
11 32 13
11 31 13
10 31 13
10 30 13
10 29 13
10 28 13
10 27 13
10 26 13
10 25 13
10 24 13
10 23 13
10 22 13
10 21 13
10 20 13
10 19 13
10 18 13
10 17 13
10 16 13
9 16 13
8 16 13
7 16 13
6 16 13
5 16 13
4 16 13
4 17 13
5 17 13
6 17 13
7 17 13
8 17 13
9 17 13
9 18 13
9 19 13
9 20 13
9 21 13
9 22 13
9 23 13
9 24 13
9 25 13
9 26 13
9 27 13
9 28 13
9 29 13
9 30 13
9 31 13
9 32 13
9 33 13
8 33 13
8 34 13
7 34 13
6 34 13
6 33 13
5 33 13
5 32 13
5 31 13
5 30 13
5 29 13
5 28 13
5 27 13
5 26 13
5 25 13
5 24 13
5 23 13
5 22 13
5 21 13
5 20 13
5 19 13
6 19 13
6 20 13
6 21 13
6 22 13
6 23 13
6 24 13
6 25 13
6 26 13
6 27 13
6 28 13
6 29 13
6 30 13
6 31 13
6 32 13
7 32 13
8 32 13
8 31 13
8 30 13
8 29 13
8 28 13
8 27 13
8 26 13
8 25 13
8 24 13
8 23 13
8 22 13
8 21 13
8 20 13
8 19 13
8 18 13
7 18 13
6 18 13
5 18 13
4 18 13
4 19 13
4 20 13
4 21 13
4 22 13
4 23 13
4 24 13
4 25 13
4 26 13
4 27 13
4 28 13
4 29 13
4 30 13
4 31 13
3 31 13
2 31 13
2 30 13
3 30 13
3 29 13
3 28 13
3 27 13
3 26 13
3 25 13
3 24 13
3 23 13
3 22 13
3 21 13
3 20 13
3 19 13
3 18 13
2 18 13
2 17 13
1 17 13
1 18 13
1 19 13
2 19 13
2 20 13
2 21 13
2 22 13
2 23 13
2 24 13
2 25 13
2 26 13
2 27 13
2 28 13
2 29 13
1 29 13
1 30 13
1 31 13
1 32 13
1 33 13
1 34 13
2 34 13
2 35 13
2 36 13
3 36 13
3 37 13
4 37 13
4 38 13
4 39 13
4 40 13
4 41 13
5 41 13
5 42 13
5 43 13
5 44 13
5 45 13
5 46 13
5 47 13
5 48 13
5 49 13
6 49 13
6 50 13
6 51 13
6 52 13
6 53 13
6 54 13
6 55 13
7 55 13
8 55 13
8 54 13
8 53 13
8 52 13
8 51 13
8 50 13
8 49 13
9 49 13
9 48 13
9 47 13
9 46 13
9 45 13
9 44 13
9 43 13
9 42 13
9 41 13
10 41 13
10 40 13
10 39 13
10 38 13
10 37 13
11 37 13
11 36 13
12 36 13
12 35 13
12 34 13
13 34 13
13 33 13
13 32 13
13 31 13
13 30 13
13 29 13
12 29 13
12 28 13
12 27 13
12 26 13
12 25 13
12 24 13
12 23 13
12 22 13
12 21 13
12 20 13
12 19 13
13 19 13
13 18 13
13 17 13
13 16 13
13 15 13
12 15 13
12 14 13
11 14 13
10 14 13
9 14 13
8 14 13
7 14 13
6 14 13
5 14 13
4 14 13
3 14 13
2 14 13
2 15 13
2 15 12
2 14 12
3 14 12
4 14 12
5 14 12
5 15 12
5 16 12
6 16 12
7 16 12
8 16 12
9 16 12
9 15 12
9 15 11
10 15 11
11 15 11
11 16 11
12 16 11
12 17 11
11 17 11
10 17 11
10 16 11
9 16 11
9 16 10
9 16 9
9 17 9
10 17 9
10 18 9
11 18 9
11 17 9
12 17 9
13 17 9
13 16 9
13 15 9
12 15 9
12 14 9
11 14 9
10 14 9
10 15 9
10 15 8
10 15 7
10 16 7
10 17 7
11 17 7
12 17 7
12 16 7
13 16 7
13 15 7
12 15 7
12 14 7
11 14 7
11 14 6
12 14 6
12 15 6
13 15 6
13 16 6
12 16 6
12 17 6
11 17 6
10 17 6
10 16 6
10 15 6
10 15 5
10 16 5
10 17 5
11 17 5
12 17 5
12 16 5
13 16 5
13 15 5
12 15 5
12 14 5
11 14 5
11 14 4
12 14 4
12 15 4
13 15 4
13 16 4
12 16 4
12 17 4
11 17 4
10 17 4
10 16 4
10 15 4
10 15 3
10 16 3
11 16 3
12 16 3
13 16 3
13 15 3
12 15 3
12 14 3
12 14 2
12 15 2
13 15 2
13 16 2
12 16 2
11 16 2
10 16 2
9 16 2
9 15 2
9 15 1
9 16 1
10 16 1
11 16 1
12 16 1
13 16 1
13 15 1
13 14 1
12 14 1
12 13 1
11 13 1
10 13 1
10 14 1
10 14 0
10 13 0
11 13 0
11 14 0
11 15 0
12 15 0
12 14 0
12 13 0
13 13 0
13 14 0
13 15 0
13 16 0
12 16 0
11 16 0
10 16 0
9 16 0
9 15 0
9 14 0
9 14 1
9 14 2
10 14 2
10 13 2
11 13 2
11 14 2
11 14 3
10 14 3
10 14 4
10 14 5
10 14 6
10 14 7
10 14 8
11 14 8
12 14 8
12 15 8
13 15 8
13 16 8
12 16 8
12 17 8
11 17 8
10 17 8
10 16 8
9 16 8
9 15 8
9 15 9
9 15 10
10 15 10
10 14 10
11 14 10
12 14 10
12 15 10
13 15 10
13 16 10
13 17 10
12 17 10
11 17 10
11 18 10
10 18 10
10 17 10
9 17 10
9 17 11
9 18 11
10 18 11
11 18 11
12 18 11
13 18 11
13 17 11
13 16 11
13 15 11
12 15 11
12 14 11
11 14 11
10 14 11
9 14 11
9 14 12
10 14 12
11 14 12
12 14 12
12 15 12
13 15 12
13 16 12
13 17 12
13 18 12
12 18 12
12 19 12
11 19 12
11 20 12
11 21 12
11 22 12
11 23 12
12 23 12
12 24 12
12 25 12
12 26 12
12 27 12
12 28 12
12 29 12
13 29 12
13 30 12
13 31 12
13 32 12
13 33 12
13 34 12
12 34 12
12 35 12
12 36 12
11 36 12
10 36 12
10 37 12
10 38 12
10 39 12
9 39 12
9 40 12
9 41 12
9 42 12
9 43 12
9 44 12
9 45 12
9 46 12
9 47 12
9 48 12
9 49 12
9 50 12
8 50 12
8 51 12
8 52 12
8 53 12
8 54 12
8 55 12
8 56 12
8 57 12
8 58 12
8 59 12
8 60 12
8 61 12
7 61 12
6 61 12
6 60 12
6 59 12
6 58 12
6 57 12
6 56 12
6 55 12
6 54 12
6 53 12
6 52 12
6 51 12
6 50 12
5 50 12
5 49 12
5 48 12
5 47 12
5 46 12
5 45 12
5 44 12
5 43 12
5 42 12
5 41 12
5 40 12
5 39 12
4 39 12
4 38 12
4 37 12
4 36 12
3 36 12
2 36 12
2 35 12
2 34 12
1 34 12
1 33 12
1 32 12
1 31 12
1 30 12
1 30 11
2 30 11
3 30 11
4 30 11
4 29 11
4 28 11
4 27 11
4 26 11
4 25 11
5 25 11
5 24 11
5 23 11
5 22 11
6 22 11
6 21 11
7 21 11
8 21 11
8 22 11
9 22 11
9 23 11
10 23 11
10 24 11
10 25 11
10 26 11
10 27 11
10 28 11
10 29 11
10 30 11
11 30 11
12 30 11
12 31 11
12 32 11
12 33 11
11 33 11
11 34 11
11 35 11
10 35 11
9 35 11
9 36 11
8 36 11
8 37 11
8 38 11
8 39 11
8 40 11
8 41 11
8 42 11
8 43 11
8 44 11
8 45 11
8 46 11
8 47 11
8 48 11
8 49 11
7 49 11
6 49 11
6 48 11
6 47 11
6 46 11
6 45 11
6 44 11
6 43 11
6 42 11
6 41 11
6 40 11
6 39 11
6 38 11
6 37 11
6 36 11
5 36 11
5 35 11
4 35 11
3 35 11
3 34 11
3 33 11
2 33 11
2 32 11
3 32 11
4 32 11
5 32 11
6 32 11
6 31 11
6 30 11
6 29 11
6 28 11
6 27 11
7 27 11
7 26 11
7 25 11
8 25 11
8 26 11
8 27 11
8 28 11
8 29 11
8 30 11
8 31 11
8 32 11
9 32 11
9 33 11
8 33 11
7 33 11
6 33 11
5 33 11
4 33 11
4 34 11
5 34 11
6 34 11
6 35 11
7 35 11
8 35 11
8 34 11
9 34 11
10 34 11
10 33 11
10 32 11
11 32 11
11 31 11
10 31 11
9 31 11
9 30 11
9 29 11
9 28 11
9 27 11
9 26 11
9 25 11
9 24 11
8 24 11
8 23 11
7 23 11
6 23 11
6 24 11
6 25 11
6 26 11
5 26 11
5 27 11
5 28 11
5 29 11
5 30 11
5 31 11
4 31 11
3 31 11
2 31 11
1 31 11
1 32 11
1 32 10
2 32 10
2 33 10
3 33 10
3 34 10
4 34 10
4 35 10
5 35 10
6 35 10
6 36 10
6 37 10
6 38 10
7 38 10
8 38 10
8 37 10
8 36 10
8 35 10
9 35 10
10 35 10
10 34 10
11 34 10
11 33 10
12 33 10
12 32 10
12 31 10
11 31 10
11 30 10
10 30 10
9 30 10
9 29 10
9 28 10
9 27 10
9 26 10
9 25 10
8 25 10
8 24 10
8 23 10
7 23 10
6 23 10
6 24 10
6 25 10
6 26 10
5 26 10
5 27 10
6 27 10
7 27 10
7 26 10
8 26 10
8 27 10
8 28 10
8 29 10
8 30 10
8 31 10
9 31 10
10 31 10
10 32 10
10 33 10
9 33 10
9 34 10
8 34 10
7 34 10
7 33 10
8 33 10
8 32 10
7 32 10
6 32 10
6 33 10
6 34 10
5 34 10
5 33 10
4 33 10
4 32 10
4 31 10
5 31 10
6 31 10
6 30 10
6 29 10
6 28 10
5 28 10
5 29 10
5 30 10
4 30 10
3 30 10
3 31 10
2 31 10
1 31 10
1 31 9
2 31 9
3 31 9
4 31 9
5 31 9
6 31 9
6 30 9
6 29 9
7 29 9
8 29 9
8 30 9
8 31 9
9 31 9
10 31 9
11 31 9
12 31 9
12 32 9
12 33 9
11 33 9
11 34 9
10 34 9
9 34 9
8 34 9
7 34 9
6 34 9
5 34 9
4 34 9
3 34 9
3 33 9
4 33 9
5 33 9
6 33 9
7 33 9
8 33 9
9 33 9
10 33 9
10 32 9
9 32 9
8 32 9
7 32 9
6 32 9
5 32 9
4 32 9
3 32 9
2 32 9
1 32 9
1 33 9
2 33 9
2 34 9
2 35 9
3 35 9
4 35 9
5 35 9
6 35 9
6 36 9
7 36 9
8 36 9
8 35 9
9 35 9
10 35 9
11 35 9
12 35 9
12 34 9
13 34 9
13 33 9
13 32 9
13 31 9
13 30 9
12 30 9
12 29 9
11 29 9
11 30 9
10 30 9
10 30 8
11 30 8
12 30 8
13 30 8
13 31 8
13 32 8
13 33 8
12 33 8
12 34 8
12 35 8
11 35 8
10 35 8
9 35 8
9 34 8
9 34 7
9 35 7
10 35 7
11 35 7
12 35 7
12 34 7
12 33 7
13 33 7
13 32 7
13 31 7
12 31 7
12 30 7
11 30 7
10 30 7
10 31 7
10 31 6
11 31 6
12 31 6
12 32 6
13 32 6
13 33 6
12 33 6
12 34 6
12 35 6
11 35 6
10 35 6
9 35 6
9 34 6
9 33 6
10 33 6
10 34 6
11 34 6
11 33 6
11 32 6
10 32 6
9 32 6
9 32 5
10 32 5
11 32 5
11 33 5
11 34 5
10 34 5
10 33 5
9 33 5
9 34 5
9 34 4
10 34 4
11 34 4
11 33 4
10 33 4
9 33 4
9 33 3
10 33 3
11 33 3
11 34 3
10 34 3
9 34 3
9 35 3
10 35 3
11 35 3
12 35 3
12 34 3
12 33 3
12 32 3
12 31 3
11 31 3
10 31 3
10 32 3
10 32 2
10 31 2
11 31 2
12 31 2
12 32 2
12 33 2
12 34 2
12 35 2
11 35 2
10 35 2
9 35 2
9 35 1
10 35 1
11 35 1
12 35 1
12 34 1
12 33 1
12 32 1
12 31 1
11 31 1
10 31 1
10 31 0
11 31 0
12 31 0
12 32 0
12 33 0
12 34 0
12 35 0
11 35 0
10 35 0
9 35 0
9 34 0
9 33 0
10 33 0
10 34 0
11 34 0
11 33 0
11 32 0
10 32 0
9 32 0
9 31 0
9 31 1
9 32 1
10 32 1
11 32 1
11 33 1
11 34 1
10 34 1
10 33 1
9 33 1
9 34 1
9 34 2
10 34 2
11 34 2
11 33 2
10 33 2
9 33 2
9 32 2
9 32 3
9 32 4
10 32 4
10 31 4
11 31 4
12 31 4
12 32 4
12 33 4
12 34 4
12 35 4
11 35 4
10 35 4
9 35 4
9 35 5
10 35 5
11 35 5
12 35 5
12 34 5
12 33 5
12 32 5
12 31 5
11 31 5
10 31 5
9 31 5
9 31 6
9 31 7
9 32 7
10 32 7
11 32 7
11 33 7
11 34 7
10 34 7
10 33 7
9 33 7
9 33 8
9 32 8
10 32 8
10 33 8
10 34 8
11 34 8
11 33 8
11 32 8
12 32 8
12 31 8
11 31 8
10 31 8
9 31 8
9 30 8
9 30 9
9 29 9
9 28 9
8 28 9
8 27 9
8 26 9
7 26 9
6 26 9
6 27 9
6 28 9
5 28 9
5 29 9
5 30 9
4 30 9
3 30 9
3 29 9
2 29 9
2 30 9
2 30 8
3 30 8
4 30 8
4 31 8
5 31 8
5 32 8
5 33 8
5 34 8
5 35 8
4 35 8
3 35 8
2 35 8
2 34 8
1 34 8
1 33 8
1 33 7
2 33 7
3 33 7
3 32 7
4 32 7
4 33 7
4 34 7
3 34 7
2 34 7
2 35 7
3 35 7
4 35 7
5 35 7
5 34 7
5 33 7
5 32 7
5 31 7
4 31 7
4 30 7
3 30 7
2 30 7
2 31 7
2 32 7
2 32 6
2 32 5
3 32 5
4 32 5
4 33 5
4 34 5
3 34 5
3 33 5
2 33 5
2 34 5
2 35 5
3 35 5
4 35 5
5 35 5
5 34 5
5 33 5
5 32 5
5 31 5
4 31 5
3 31 5
3 31 4
4 31 4
4 32 4
5 32 4
5 33 4
5 34 4
5 35 4
4 35 4
3 35 4
2 35 4
2 34 4
3 34 4
4 34 4
4 33 4
3 33 4
2 33 4
2 32 4
2 32 3
2 33 3
3 33 3
4 33 3
4 34 3
3 34 3
2 34 3
2 35 3
3 35 3
4 35 3
5 35 3
5 34 3
5 33 3
5 32 3
4 32 3
4 31 3
3 31 3
3 31 2
4 31 2
4 32 2
5 32 2
5 33 2
5 34 2
5 35 2
4 35 2
3 35 2
2 35 2
2 34 2
3 34 2
4 34 2
4 33 2
3 33 2
2 33 2
2 32 2
2 32 1
3 32 1
4 32 1
4 33 1
4 34 1
3 34 1
3 33 1
2 33 1
2 34 1
2 35 1
3 35 1
4 35 1
5 35 1
5 34 1
5 33 1
5 32 1
5 31 1
4 31 1
3 31 1
3 31 0
4 31 0
5 31 0
5 32 0
5 33 0
5 34 0
5 35 0
4 35 0
3 35 0
2 35 0
2 34 0
2 33 0
3 33 0
3 34 0
4 34 0
4 33 0
4 32 0
3 32 0
2 32 0
2 31 0
2 31 1
2 31 2
2 31 3
2 31 4
2 31 5
2 31 6
3 31 6
4 31 6
5 31 6
5 32 6
5 33 6
5 34 6
5 35 6
4 35 6
3 35 6
2 35 6
2 34 6
3 34 6
4 34 6
4 33 6
4 32 6
3 32 6
3 33 6
2 33 6
1 33 6
1 32 6
1 32 7
1 32 8
2 32 8
2 33 8
3 33 8
3 34 8
4 34 8
4 33 8
4 32 8
3 32 8
3 31 8
2 31 8
1 31 8
1 30 8
1 30 9
1 30 10
2 30 10
2 29 10
3 29 10
4 29 10
4 28 10
4 27 10
4 26 10
4 25 10
5 25 10
5 24 10
5 23 10
5 22 10
6 22 10
6 21 10
7 21 10
8 21 10
8 22 10
9 22 10
9 23 10
9 24 10
10 24 10
10 25 10
10 26 10
10 27 10
10 28 10
10 29 10
11 29 10
12 29 10
12 30 10
13 30 10
13 31 10
13 32 10
13 33 10
13 34 10
12 34 10
12 35 10
11 35 10
11 36 10
10 36 10
9 36 10
9 37 10
9 38 10
9 39 10
8 39 10
8 40 10
8 41 10
8 42 10
8 43 10
8 44 10
8 45 10
8 46 10
8 47 10
8 48 10
8 49 10
8 50 10
8 51 10
8 52 10
8 53 10
8 54 10
8 55 10
8 56 10
8 57 10
8 58 10
8 59 10
8 60 10
8 61 10
8 62 10
8 63 10
8 64 10
8 65 10
8 66 10
8 67 10
7 67 10
6 67 10
6 66 10
6 65 10
6 64 10
6 63 10
6 62 10
6 61 10
6 60 10
6 59 10
6 58 10
6 57 10
6 57 9
6 58 9
6 59 9
6 60 9
6 61 9
6 62 9
6 63 9
6 64 9
7 64 9
8 64 9
8 63 9
8 62 9
8 61 9
8 60 9
8 59 9
8 58 9
8 57 9
8 56 9
7 56 9
6 56 9
6 56 10
6 55 10
6 54 10
6 53 10
6 52 10
6 51 10
6 50 10
6 49 10
6 48 10
6 47 10
6 46 10
6 45 10
6 44 10
6 43 10
6 42 10
6 41 10
6 40 10
6 39 10
5 39 10
5 38 10
5 37 10
5 36 10
4 36 10
3 36 10
3 35 10
2 35 10
2 34 10
1 34 10
1 33 10
1 33 11
1 34 11
2 34 11
2 35 11
2 36 11
3 36 11
4 36 11
4 37 11
5 37 11
5 38 11
5 39 11
5 40 11
5 41 11
5 42 11
5 43 11
5 44 11
5 45 11
5 46 11
5 47 11
5 48 11
5 49 11
5 50 11
6 50 11
6 51 11
6 52 11
6 53 11
6 54 11
6 55 11
6 56 11
6 57 11
6 58 11
6 59 11
6 60 11
6 61 11
6 62 11
6 63 11
6 64 11
6 65 11
6 66 11
6 67 11
7 67 11
8 67 11
8 66 11
8 65 11
8 64 11
8 63 11
8 62 11
8 61 11
8 60 11
8 59 11
8 58 11
8 57 11
8 56 11
8 55 11
8 54 11
8 53 11
8 52 11
8 51 11
8 50 11
9 50 11
9 49 11
9 48 11
9 47 11
9 46 11
9 45 11
9 44 11
9 43 11
9 42 11
9 41 11
9 40 11
9 39 11
9 38 11
9 37 11
10 37 11
10 36 11
11 36 11
12 36 11
12 35 11
12 34 11
13 34 11
13 33 11
13 32 11
13 31 11
13 30 11
13 29 11
12 29 11
11 29 11
11 28 11
11 27 11
11 26 11
11 25 11
11 24 11
11 23 11
11 22 11
10 22 11
10 21 11
9 21 11
9 20 11
8 20 11
8 19 11
7 19 11
6 19 11
6 20 11
5 20 11
5 21 11
4 21 11
4 22 11
4 23 11
4 24 11
3 24 11
3 25 11
3 26 11
3 27 11
3 28 11
3 29 11
2 29 11
1 29 11
1 29 12
2 29 12
2 28 12
2 27 12
2 26 12
2 25 12
3 25 12
3 24 12
3 23 12
3 22 12
3 21 12
3 20 12
3 19 12
2 19 12
2 18 12
1 18 12
1 17 12
2 17 12
3 17 12
3 18 12
4 18 12
4 19 12
4 20 12
4 21 12
4 22 12
4 23 12
4 24 12
4 25 12
4 26 12
3 26 12
3 27 12
3 28 12
3 29 12
3 30 12
2 30 12
2 31 12
3 31 12
4 31 12
4 30 12
4 29 12
5 29 12
6 29 12
7 29 12
7 28 12
7 27 12
8 27 12
8 28 12
8 29 12
8 30 12
8 31 12
8 32 12
7 32 12
6 32 12
6 31 12
6 30 12
5 30 12
5 31 12
5 32 12
5 33 12
6 33 12
7 33 12
8 33 12
9 33 12
9 32 12
9 31 12
9 30 12
9 29 12
9 28 12
9 27 12
9 26 12
8 26 12
8 25 12
8 24 12
8 23 12
8 22 12
8 21 12
8 20 12
8 19 12
7 19 12
6 19 12
6 20 12
6 21 12
6 22 12
6 23 12
6 24 12
6 25 12
6 26 12
6 27 12
6 28 12
5 28 12
4 28 12
4 27 12
5 27 12
5 26 12
5 25 12
5 24 12
5 23 12
5 22 12
5 21 12
5 20 12
5 19 12
5 18 12
6 18 12
7 18 12
8 18 12
9 18 12
9 19 12
9 20 12
9 21 12
9 22 12
9 23 12
9 24 12
9 25 12
10 25 12
10 26 12
10 27 12
10 28 12
10 29 12
10 30 12
10 31 12
11 31 12
11 32 12
10 32 12
10 33 12
10 34 12
9 34 12
8 34 12
8 35 12
8 36 12
8 37 12
7 37 12
6 37 12
6 36 12
6 35 12
6 34 12
5 34 12
4 34 12
4 33 12
4 32 12
3 32 12
2 32 12
2 33 12
3 33 12
3 34 12
3 35 12
4 35 12
5 35 12
5 36 12
5 37 12
5 38 12
6 38 12
6 39 12
6 40 12
6 41 12
6 42 12
6 43 12
6 44 12
6 45 12
6 46 12
6 47 12
6 48 12
6 49 12
7 49 12
8 49 12
8 48 12
8 47 12
8 46 12
8 45 12
8 44 12
8 43 12
8 42 12
8 41 12
8 40 12
8 39 12
8 38 12
9 38 12
9 37 12
9 36 12
9 35 12
10 35 12
11 35 12
11 34 12
11 33 12
12 33 12
12 32 12
12 31 12
12 30 12
11 30 12
11 29 12
11 28 12
11 27 12
11 26 12
11 25 12
11 24 12
10 24 12
10 23 12
10 22 12
10 21 12
10 20 12
10 19 12
10 18 12
11 18 12
11 17 12
12 17 12
12 16 12
11 16 12
11 15 12
10 15 12
10 16 12
10 17 12
9 17 12
8 17 12
7 17 12
6 17 12
5 17 12
4 17 12
4 16 12
4 15 12
3 15 12
3 16 12
2 16 12
1 16 12
1 16 11
2 16 11
3 16 11
3 15 11
4 15 11
4 16 11
4 17 11
3 17 11
2 17 11
1 17 11
1 18 11
2 18 11
3 18 11
4 18 11
5 18 11
5 17 11
5 16 11
5 15 11
5 14 11
4 14 11
3 14 11
2 14 11
2 15 11
2 15 10
2 14 10
3 14 10
4 14 10
4 15 10
5 15 10
5 16 10
5 17 10
4 17 10
4 18 10
3 18 10
3 17 10
2 17 10
1 17 10
1 16 10
1 16 9
1 17 9
2 17 9
3 17 9
3 18 9
4 18 9
4 17 9
5 17 9
5 16 9
5 15 9
4 15 9
4 14 9
3 14 9
2 14 9
2 15 9
2 15 8
2 14 8
3 14 8
4 14 8
4 15 8
5 15 8
5 16 8
4 16 8
4 17 8
3 17 8
2 17 8
2 16 8
1 16 8
1 16 7
2 16 7
2 17 7
3 17 7
4 17 7
4 16 7
4 15 7
4 14 7
3 14 7
2 14 7
2 15 7
2 15 6
2 14 6
3 14 6
4 14 6
4 15 6
4 16 6
4 17 6
3 17 6
2 17 6
2 16 6
1 16 6
1 16 5
2 16 5
2 17 5
3 17 5
4 17 5
4 16 5
4 15 5
4 14 5
3 14 5
2 14 5
2 15 5
2 15 4
2 14 4
3 14 4
4 14 4
4 15 4
4 16 4
4 17 4
3 17 4
2 17 4
2 16 4
1 16 4
1 16 3
2 16 3
3 16 3
4 16 3
4 15 3
4 14 3
3 14 3
2 14 3
2 15 3
2 15 2
2 14 2
3 14 2
3 13 2
4 13 2
4 14 2
5 14 2
5 15 2
5 16 2
4 16 2
3 16 2
2 16 2
2 16 1
3 16 1
4 16 1
5 16 1
5 15 1
5 14 1
4 14 1
4 13 1
3 13 1
2 13 1
2 14 1
1 14 1
1 15 1
1 15 0
2 15 0
3 15 0
3 14 0
2 14 0
1 14 0
1 13 0
2 13 0
3 13 0
4 13 0
4 14 0
5 14 0
5 15 0
5 16 0
4 16 0
3 16 0
2 16 0
1 16 0
1 16 1
1 16 2
1 15 2
1 15 3
1 15 4
1 15 5
1 15 6
1 15 7
1 15 8
1 15 9
1 15 10
1 15 11
1 15 12
1 15 13
1 15 14
1 15 15
1 15 16
1 15 17
1 15 18
2 15 18
2 14 18
3 14 18
4 14 18
4 13 18
5 13 18
5 12 18
6 12 18
7 12 18
8 12 18
9 12 18
9 13 18
10 13 18
10 14 18
11 14 18
12 14 18
12 15 18
13 15 18
13 16 18
13 17 18
13 18 18
13 19 18
13 20 18
13 21 18
13 22 18
13 23 18
13 24 18
13 25 18
13 26 18
13 27 18
12 27 18
12 28 18
12 29 18
13 29 18
13 30 18
13 31 18
13 32 18
13 33 18
12 33 18
12 34 18
12 35 18
12 36 18
11 36 18
11 37 18
10 37 18
10 38 18
9 38 18
9 39 18
9 40 18
8 40 18
8 41 18
7 41 18
6 41 18
6 40 18
5 40 18
5 39 18
5 38 18
4 38 18
4 37 18
3 37 18
3 36 18
2 36 18
2 35 18
2 34 18
2 33 18
1 33 18
1 32 18
1 31 18
1 30 18
1 29 18
2 29 18
2 28 18
2 27 18
1 27 18
1 26 18
1 25 18
1 24 18
1 23 18
1 22 18
1 21 18
1 20 18
1 19 18
1 19 19
1 20 19
1 21 19
1 22 19
1 23 19
1 23 20
2 23 20
2 22 20
2 21 20
2 20 20
2 19 20
1 19 20
1 18 20
1 17 20
2 17 20
2 16 20
2 15 20
2 15 21
2 15 22
2 15 23
2 16 23
3 16 23
4 16 23
4 15 23
4 14 23
4 13 23
5 13 23
5 12 23
5 11 23
6 11 23
7 11 23
8 11 23
9 11 23
9 12 23
9 13 23
10 13 23
10 14 23
10 15 23
10 16 23
11 16 23
11 17 23
11 18 23
11 19 23
10 19 23
10 20 23
10 21 23
10 22 23
10 23 23
10 24 23
10 25 23
10 26 23
10 27 23
9 27 23
9 28 23
9 29 23
8 29 23
8 30 23
7 30 23
6 30 23
6 29 23
5 29 23
5 28 23
5 27 23
4 27 23
4 26 23
4 25 23
4 24 23
4 23 23
4 22 23
4 21 23
4 20 23
4 19 23
3 19 23
3 18 23
4 18 23
5 18 23
5 19 23
5 20 23
5 21 23
5 22 23
5 23 23
5 24 23
5 25 23
5 26 23
6 26 23
6 27 23
6 28 23
7 28 23
8 28 23
8 27 23
8 26 23
9 26 23
9 25 23
9 24 23
9 23 23
9 22 23
9 21 23
9 20 23
9 19 23
9 18 23
10 18 23
10 17 23
9 17 23
9 16 23
9 15 23
9 14 23
8 14 23
8 13 23
8 12 23
7 12 23
6 12 23
6 13 23
6 14 23
5 14 23
5 15 23
6 15 23
7 15 23
8 15 23
8 16 23
8 17 23
8 18 23
8 19 23
8 20 23
8 21 23
8 22 23
8 23 23
8 24 23
8 25 23
7 25 23
6 25 23
6 24 23
6 23 23
6 22 23
6 21 23
6 20 23
6 19 23
6 18 23
6 17 23
6 16 23
5 16 23
5 17 23
4 17 23
3 17 23
2 17 23
2 18 23
2 19 23
2 20 23
3 20 23
3 21 23
3 22 23
3 23 23
3 24 23
2 24 23
2 25 23
2 26 23
3 26 23
3 27 23
3 28 23
4 28 23
4 29 23
4 30 23
5 30 23
5 31 23
6 31 23
6 32 23
7 32 23
8 32 23
8 31 23
9 31 23
9 30 23
10 30 23
10 29 23
10 28 23
11 28 23
11 27 23
11 26 23
12 26 23
12 25 23
12 24 23
11 24 23
11 23 23
11 22 23
11 21 23
11 20 23
12 20 23
12 19 23
12 18 23
12 17 23
12 16 23
12 15 23
11 15 23
11 14 23
11 13 23
11 12 23
10 12 23
10 11 23
10 10 23
9 10 23
8 10 23
7 10 23
6 10 23
5 10 23
4 10 23
4 11 23
4 12 23
3 12 23
3 12 24
4 12 24
4 11 24
4 10 24
5 10 24
6 10 24
6 9 24
7 9 24
8 9 24
8 10 24
9 10 24
10 10 24
10 11 24
10 12 24
11 12 24
11 13 24
11 14 24
11 15 24
11 16 24
11 17 24
11 18 24
11 19 24
11 20 24
11 21 24
11 22 24
11 23 24
11 24 24
11 25 24
11 26 24
10 26 24
10 27 24
10 28 24
9 28 24
9 29 24
8 29 24
8 30 24
7 30 24
6 30 24
6 29 24
5 29 24
5 28 24
4 28 24
4 27 24
4 26 24
3 26 24
3 25 24
3 24 24
3 23 24
3 22 24
3 21 24
3 20 24
3 19 24
3 18 24
3 17 24
3 16 24
3 15 24
3 15 25
3 16 25
3 17 25
3 18 25
3 19 25
3 20 25
3 21 25
4 21 25
4 22 25
4 23 25
4 24 25
4 25 25
4 26 25
5 26 25
5 27 25
6 27 25
6 28 25
7 28 25
8 28 25
8 27 25
9 27 25
9 26 25
10 26 25
10 25 25
10 24 25
10 23 25
10 22 25
10 21 25
11 21 25
11 20 25
11 19 25
11 18 25
11 17 25
11 16 25
11 15 25
11 14 25
11 13 25
11 12 25
11 11 25
10 11 25
10 10 25
9 10 25
9 9 25
8 9 25
7 9 25
6 9 25
5 9 25
5 10 25
4 10 25
4 11 25
3 11 25
3 11 26
4 11 26
4 10 26
5 10 26
5 9 26
6 9 26
7 9 26
8 9 26
9 9 26
9 10 26
10 10 26
10 11 26
11 11 26
11 12 26
11 13 26
11 14 26
11 15 26
11 16 26
10 16 26
10 17 26
10 18 26
10 19 26
10 20 26
10 21 26
10 22 26
10 23 26
9 23 26
9 24 26
9 25 26
8 25 26
8 26 26
8 27 26
7 27 26
6 27 26
6 26 26
6 25 26
5 25 26
5 24 26
5 23 26
4 23 26
4 22 26
4 21 26
4 20 26
4 19 26
4 18 26
4 17 26
4 16 26
3 16 26
3 15 26
3 14 26
3 13 26
3 13 27
3 14 27
4 14 27
4 15 27
4 16 27
4 17 27
4 18 27
5 18 27
5 19 27
5 20 27
5 21 27
5 22 27
5 23 27
6 23 27
6 24 27
7 24 27
8 24 27
8 23 27
9 23 27
9 22 27
9 21 27
9 20 27
9 19 27
9 18 27
10 18 27
10 17 27
10 16 27
10 15 27
10 14 27
11 14 27
11 13 27
10 13 27
10 12 27
10 11 27
10 10 27
9 10 27
9 9 27
8 9 27
7 9 27
6 9 27
5 9 27
4 9 27
4 9 28
4 9 29
4 10 29
5 10 29
6 10 29
7 10 29
8 10 29
8 11 29
9 11 29
9 12 29
8 12 29
8 13 29
7 13 29
6 13 29
6 12 29
5 12 29
5 11 29
4 11 29
4 12 29
4 12 30
5 12 30
6 12 30
7 12 30
8 12 30
9 12 30
9 11 30
8 11 30
8 10 30
7 10 30
6 10 30
6 11 30
5 11 30
4 11 30
4 10 30
4 10 31
4 10 32
4 10 33
4 11 33
5 11 33
5 12 33
6 12 33
7 12 33
8 12 33
9 12 33
9 11 33
9 10 33
9 9 33
8 9 33
8 8 33
7 8 33
6 8 33
5 8 33
5 8 34
5 8 35
5 8 36
6 8 36
7 8 36
8 8 36
9 8 36
9 9 36
9 10 36
9 11 36
9 12 36
8 12 36
7 12 36
6 12 36
5 12 36
5 12 37
6 12 37
7 12 37
8 12 37
9 12 37
9 11 37
9 10 37
9 9 37
8 9 37
8 8 37
7 8 37
6 8 37
6 9 37
5 9 37
5 9 38
5 9 39
5 9 40
5 9 41
5 9 42
5 9 43
5 9 44
5 9 45
5 9 46
5 9 47
5 10 47
6 10 47
6 11 47
6 12 47
7 12 47
8 12 47
8 11 47
8 10 47
8 9 47
8 8 47
7 8 47
6 8 47
6 8 48
6 8 49
6 8 50
6 8 51
6 8 52
6 7 52
6 7 53
6 7 54
6 7 55
6 8 55
6 9 55
6 10 55
7 10 55
8 10 55
8 9 55
8 8 55
8 7 55
8 6 55
8 5 55
7 5 55
6 5 55
6 5 56
6 4 56
6 3 56
6 3 55
7 3 55
8 3 55
8 2 55
7 2 55
6 2 55
6 2 56
6 2 57
6 2 58
6 2 59
6 3 59
6 3 60
7 3 60
8 3 60
8 4 60
