29 40 53
28 40 53
28 39 53
28 39 52
28 40 52
28 41 52
29 41 52
29 41 51
28 41 51
28 41 50
28 42 50
28 42 49
28 41 49
27 41 49
27 41 48
27 40 48
28 40 48
28 41 48
28 42 48
27 42 48
26 42 48
26 42 47
27 42 47
27 41 47
28 41 47
28 40 47
27 40 47
26 40 47
26 41 47
25 41 47
24 41 47
24 42 47
23 42 47
22 42 47
22 43 47
22 43 46
21 43 46
21 42 46
21 42 45
21 43 45
22 43 45
22 42 45
22 41 45
23 41 45
23 42 45
23 43 45
24 43 45
24 42 45
25 42 45
26 42 45
26 41 45
25 41 45
24 41 45
24 40 45
24 39 45
24 38 45
24 37 45
23 37 45
23 38 45
23 39 45
22 39 45
22 40 45
21 40 45
20 40 45
19 40 45
19 40 44
19 39 44
19 38 44
19 37 44
18 37 44
18 38 44
17 38 44
16 38 44
16 38 43
17 38 43
18 38 43
19 38 43
19 39 43
19 40 43
19 41 43
18 41 43
17 41 43
17 40 43
17 39 43
16 39 43
16 40 43
16 40 42
17 40 42
17 41 42
18 41 42
18 40 42
18 39 42
17 39 42
17 39 41
17 40 41
16 40 41
15 40 41
14 40 41
13 40 41
12 40 41
12 41 41
11 41 41
11 42 41
12 42 41
13 42 41
14 42 41
14 41 41
15 41 41
16 41 41
16 42 41
17 42 41
18 42 41
19 42 41
19 41 41
18 41 41
18 40 41
18 39 41
19 39 41
20 39 41
21 39 41
21 38 41
21 37 41
20 37 41
19 37 41
18 37 41
18 38 41
17 38 41
16 38 41
15 38 41
14 38 41
13 38 41
12 38 41
12 37 41
11 37 41
11 37 40
12 37 40
13 37 40
14 37 40
15 37 40
16 37 40
17 37 40
18 37 40
19 37 40
20 37 40
20 38 40
20 39 40
19 39 40
18 39 40
18 40 40
18 41 40
17 41 40
17 42 40
16 42 40
15 42 40
15 43 40
14 43 40
14 42 40
13 42 40
13 41 40
12 41 40
12 40 40
13 40 40
14 40 40
14 41 40
15 41 40
16 41 40
16 40 40
17 40 40
17 39 40
17 38 40
16 38 40
15 38 40
14 38 40
13 38 40
13 39 40
12 39 40
12 39 39
13 39 39
13 38 39
14 38 39
14 39 39
14 40 39
15 40 39
16 40 39
16 39 39
15 39 39
15 38 39
16 38 39
17 38 39
17 39 39
17 40 39
17 41 39
16 41 39
16 42 39
15 42 39
14 42 39
14 41 39
13 41 39
13 40 39
13 40 38
13 41 38
14 41 38
14 42 38
15 42 38
16 42 38
16 41 38
17 41 38
17 40 38
17 39 38
16 39 38
16 38 38
16 37 38
15 37 38
14 37 38
14 38 38
14 39 38
13 39 38
12 39 38
12 39 37
13 39 37
14 39 37
14 38 37
14 37 37
15 37 37
16 37 37
16 38 37
16 39 37
17 39 37
17 40 37
17 41 37
16 41 37
16 42 37
16 43 37
15 43 37
14 43 37
14 42 37
14 41 37
14 40 37
13 40 37
12 40 37
12 41 37
13 41 37
13 42 37
13 43 37
13 44 37
14 44 37
14 45 37
14 46 37
14 47 37
15 47 37
16 47 37
16 46 37
16 45 37
16 44 37
17 44 37
17 43 37
17 42 37
18 42 37
18 41 37
18 40 37
18 39 37
18 38 37
17 38 37
17 37 37
17 36 37
16 36 37
16 35 37
15 35 37
14 35 37
14 36 37
13 36 37
13 37 37
13 38 37
13 38 36
13 37 36
13 37 35
13 38 35
13 39 35
13 40 35
13 41 35
13 42 35
13 43 35
13 44 35
14 44 35
14 45 35
14 46 35
14 47 35
15 47 35
16 47 35
16 46 35
16 45 35
16 44 35
17 44 35
17 43 35
17 42 35
17 41 35
17 40 35
17 39 35
17 38 35
17 37 35
17 36 35
17 35 35
17 34 35
16 34 35
15 34 35
14 34 35
14 34 34
14 33 34
15 33 34
16 33 34
16 34 34
17 34 34
17 35 34
17 36 34
17 37 34
18 37 34
18 38 34
17 38 34
17 39 34
17 40 34
17 41 34
17 42 34
16 42 34
16 43 34
16 44 34
16 45 34
16 46 34
16 47 34
15 47 34
14 47 34
14 46 34
14 45 34
14 44 34
14 43 34
13 43 34
13 42 34
13 41 34
13 40 34
13 39 34
13 38 34
12 38 34
12 38 33
13 38 33
13 39 33
13 40 33
14 40 33
14 41 33
15 41 33
16 41 33
16 40 33
17 40 33
17 39 33
17 38 33
18 38 33
18 37 33
18 36 33
18 35 33
18 34 33
17 34 33
17 33 33
16 33 33
16 32 33
15 32 33
14 32 33
14 33 33
13 33 33
13 34 33
12 34 33
12 35 33
13 35 33
14 35 33
14 34 33
15 34 33
16 34 33
16 35 33
17 35 33
17 36 33
17 37 33
16 37 33
16 38 33
16 39 33
15 39 33
14 39 33
14 38 33
14 37 33
13 37 33
13 36 33
12 36 33
12 36 32
12 35 32
13 35 32
14 35 32
15 35 32
16 35 32
16 36 32
15 36 32
14 36 32
13 36 32
13 37 32
14 37 32
14 38 32
14 39 32
15 39 32
16 39 32
16 38 32
16 37 32
17 37 32
17 36 32
17 35 32
17 34 32
16 34 32
16 33 32
16 32 32
16 31 32
15 31 32
14 31 32
14 32 32
14 33 32
14 34 32
13 34 32
12 34 32
12 34 31
12 35 31
12 36 31
12 37 31
12 38 31
13 38 31
13 39 31
13 40 31
14 40 31
14 41 31
15 41 31
16 41 31
16 40 31
17 40 31
17 39 31
17 38 31
18 38 31
18 37 31
18 36 31
18 35 31
18 34 31
18 33 31
18 32 31
18 31 31
18 30 31
18 29 31
18 28 31
18 27 31
18 26 31
17 26 31
17 25 31
17 24 31
17 23 31
16 23 31
16 22 31
15 22 31
14 22 31
14 23 31
13 23 31
13 24 31
13 25 31
12 25 31
12 26 31
13 26 31
14 26 31
14 25 31
14 24 31
15 24 31
16 24 31
16 25 31
16 26 31
16 27 31
17 27 31
17 28 31
17 29 31
17 30 31
17 31 31
17 32 31
17 33 31
17 34 31
17 35 31
17 36 31
17 37 31
16 37 31
16 38 31
16 39 31
15 39 31
14 39 31
14 38 31
14 37 31
13 37 31
13 36 31
13 35 31
13 34 31
13 33 31
13 32 31
13 31 31
13 30 31
13 29 31
13 28 31
14 28 31
14 29 31
14 30 31
14 31 31
14 32 31
14 33 31
14 34 31
14 35 31
14 36 31
15 36 31
16 36 31
16 35 31
16 34 31
16 33 31
16 32 31
16 31 31
16 30 31
16 29 31
16 28 31
15 28 31
15 27 31
14 27 31
13 27 31
13 27 30
14 27 30
14 26 30
14 25 30
14 24 30
14 23 30
14 22 30
14 21 30
14 20 30
14 19 30
14 18 30
14 17 30
14 16 30
14 15 30
14 15 31
14 16 31
15 16 31
16 16 31
16 15 31
16 14 31
17 14 31
17 13 31
17 12 31
16 12 31
16 11 31
15 11 31
14 11 31
14 12 31
13 12 31
13 13 31
13 14 31
14 14 31
14 14 30
14 13 30
14 12 30
15 12 30
16 12 30
16 13 30
16 14 30
15 14 30
15 15 30
15 16 30
15 17 30
15 18 30
15 19 30
15 20 30
15 21 30
15 22 30
15 23 30
15 24 30
16 24 30
16 25 30
16 26 30
16 27 30
17 27 30
17 28 30
16 28 30
16 29 30
16 30 30
16 31 30
16 32 30
16 33 30
16 34 30
16 35 30
16 36 30
15 36 30
14 36 30
14 35 30
14 34 30
14 33 30
14 32 30
14 31 30
14 30 30
14 29 30
13 29 30
13 28 30
12 28 30
12 29 30
12 30 30
13 30 30
13 31 30
13 32 30
13 33 30
13 34 30
13 35 30
13 36 30
13 37 30
14 37 30
14 38 30
14 39 30
15 39 30
16 39 30
16 38 30
16 37 30
17 37 30
17 36 30
17 35 30
17 34 30
17 33 30
17 32 30
17 31 30
17 30 30
17 29 30
18 29 30
18 28 30
18 27 30
18 26 30
17 26 30
17 25 30
17 24 30
17 23 30
16 23 30
16 22 30
16 21 30
16 20 30
16 19 30
16 18 30
16 17 30
16 16 30
16 15 30
17 15 30
17 14 30
17 13 30
17 12 30
17 11 30
16 11 30
16 10 30
15 10 30
14 10 30
14 11 30
13 11 30
13 12 30
13 13 30
13 14 30
13 15 30
13 16 30
13 17 30
13 18 30
13 19 30
13 20 30
13 21 30
13 22 30
13 23 30
13 24 30
13 25 30
13 26 30
12 26 30
11 26 30
11 25 30
12 25 30
12 24 30
12 23 30
12 22 30
12 21 30
12 20 30
12 19 30
12 18 30
12 17 30
12 16 30
12 15 30
11 15 30
11 14 30
11 14 29
11 15 29
11 16 29
12 16 29
12 17 29
12 18 29
12 19 29
12 20 29
12 21 29
12 22 29
11 22 29
11 23 29
11 24 29
11 25 29
11 26 29
11 26 28
12 26 28
13 26 28
13 25 28
13 24 28
13 23 28
13 22 28
13 21 28
13 20 28
13 19 28
13 18 28
13 17 28
13 16 28
13 15 28
13 14 28
13 13 28
13 12 28
13 11 28
14 11 28
14 10 28
15 10 28
16 10 28
16 11 28
17 11 28
17 12 28
17 13 28
17 14 28
17 15 28
17 16 28
17 17 28
17 18 28
17 19 28
17 20 28
17 21 28
17 22 28
17 23 28
17 24 28
17 25 28
17 26 28
17 27 28
18 27 28
18 28 28
18 29 28
17 29 28
17 30 28
17 31 28
17 32 28
17 33 28
17 34 28
16 34 28
16 35 28
16 36 28
15 36 28
14 36 28
14 35 28
14 34 28
13 34 28
13 33 28
13 32 28
13 31 28
13 30 28
13 29 28
12 29 28
12 28 28
13 28 28
14 28 28
14 29 28
14 30 28
14 31 28
14 32 28
14 33 28
15 33 28
16 33 28
16 32 28
16 31 28
16 30 28
16 29 28
16 28 28
16 27 28
16 26 28
16 25 28
16 24 28
16 23 28
16 22 28
16 21 28
16 20 28
16 19 28
16 18 28
16 17 28
16 16 28
16 15 28
16 14 28
16 13 28
16 12 28
15 12 28
14 12 28
14 13 28
14 14 28
14 15 28
14 16 28
14 17 28
14 18 28
14 19 28
14 20 28
14 21 28
14 22 28
14 23 28
14 24 28
14 25 28
14 26 28
14 27 28
13 27 28
12 27 28
11 27 28
11 28 28
11 29 28
11 30 28
12 30 28
12 31 28
12 32 28
12 33 28
12 34 28
12 35 28
13 35 28
13 36 28
13 37 28
14 37 28
14 38 28
15 38 28
15 39 28
16 39 28
16 38 28
16 37 28
17 37 28
17 36 28
17 35 28
18 35 28
18 34 28
18 33 28
18 32 28
18 31 28
18 30 28
19 30 28
19 29 28
19 28 28
19 27 28
19 26 28
18 26 28
18 25 28
18 24 28
18 23 28
18 22 28
18 21 28
18 20 28
18 19 28
18 18 28
18 17 28
18 16 28
18 15 28
18 14 28
18 13 28
18 12 28
18 11 28
18 10 28
17 10 28
17 9 28
16 9 28
16 8 28
15 8 28
14 8 28
14 9 28
13 9 28
13 10 28
12 10 28
12 11 28
12 12 28
12 13 28
12 14 28
12 15 28
12 16 28
12 17 28
12 18 28
12 19 28
12 20 28
12 21 28
12 22 28
12 23 28
12 24 28
12 25 28
11 25 28
10 25 28
10 24 28
11 24 28
11 23 28
11 22 28
11 21 28
11 20 28
11 19 28
11 18 28
11 17 28
11 16 28
11 15 28
10 15 28
10 14 28
10 14 27
10 15 27
10 16 27
11 16 27
11 17 27
11 18 27
11 19 27
11 20 27
11 21 27
11 22 27
10 22 27
10 23 27
10 24 27
10 25 27
10 26 27
10 26 26
10 25 26
10 24 26
10 23 26
10 22 26
10 21 26
11 21 26
11 20 26
11 19 26
11 18 26
11 17 26
11 16 26
10 16 26
10 15 26
10 14 26
10 13 26
10 12 26
10 11 26
10 10 26
10 9 26
11 9 26
11 8 26
12 8 26
12 7 26
13 7 26
13 6 26
14 6 26
14 5 26
14 4 26
14 3 26
14 2 26
14 1 26
15 1 26
15 2 26
16 2 26
16 3 26
16 4 26
16 5 26
16 6 26
17 6 26
17 7 26
18 7 26
18 8 26
19 8 26
19 9 26
20 9 26
20 10 26
20 11 26
20 12 26
20 13 26
20 14 26
20 15 26
20 16 26
19 16 26
19 17 26
19 18 26
19 19 26
19 20 26
19 21 26
20 21 26
20 22 26
20 23 26
20 24 26
20 25 26
20 26 26
21 26 26
21 27 26
21 28 26
21 29 26
21 30 26
20 30 26
20 31 26
20 32 26
20 33 26
19 33 26
19 34 26
18 34 26
18 35 26
18 36 26
18 37 26
17 37 26
17 38 26
17 39 26
16 39 26
15 39 26
14 39 26
14 38 26
13 38 26
13 37 26
12 37 26
12 36 26
12 35 26
12 34 26
11 34 26
11 33 26
10 33 26
10 32 26
10 31 26
9 31 26
9 30 26
9 29 26
9 29 25
9 30 25
9 31 25
9 32 25
10 32 25
10 33 25
11 33 25
11 34 25
12 34 25
12 35 25
12 36 25
13 36 25
13 37 25
13 38 25
14 38 25
15 38 25
16 38 25
17 38 25
17 37 25
17 36 25
18 36 25
18 35 25
18 34 25
19 34 25
19 33 25
20 33 25
20 32 25
21 32 25
21 31 25
21 30 25
21 29 25
21 28 25
21 27 25
21 26 25
21 25 25
20 25 25
20 24 25
20 23 25
20 22 25
20 21 25
19 21 25
19 20 25
19 19 25
20 19 25
20 18 25
20 17 25
20 16 25
20 15 25
21 15 25
21 14 25
21 13 25
21 12 25
20 12 25
20 11 25
20 10 25
20 9 25
20 8 25
19 8 25
19 7 25
18 7 25
18 6 25
17 6 25
16 6 25
16 5 25
16 4 25
16 3 25
16 2 25
15 2 25
14 2 25
14 3 25
14 4 25
14 5 25
14 6 25
13 6 25
12 6 25
12 7 25
11 7 25
11 8 25
10 8 25
10 9 25
10 10 25
10 11 25
10 12 25
10 13 25
9 13 25
9 14 25
9 15 25
10 15 25
10 16 25
10 17 25
10 18 25
10 19 25
10 20 25
10 21 25
10 22 25
10 23 25
10 24 25
10 25 25
9 25 25
9 25 24
9 24 24
10 24 24
10 23 24
10 22 24
10 21 24
10 20 24
10 19 24
10 18 24
10 17 24
10 16 24
10 15 24
9 15 24
9 15 23
9 16 23
10 16 23
10 17 23
10 18 23
10 19 23
10 20 23
10 21 23
10 22 23
10 23 23
10 24 23
9 24 23
9 25 23
9 26 23
9 27 23
9 28 23
9 29 23
9 30 23
9 31 23
9 32 23
10 32 23
10 33 23
11 33 23
11 34 23
11 35 23
12 35 23
12 36 23
13 36 23
13 37 23
14 37 23
15 37 23
16 37 23
16 36 23
17 36 23
18 36 23
18 35 23
18 34 23
19 34 23
19 33 23
20 33 23
20 32 23
21 32 23
21 31 23
21 30 23
21 29 23
21 28 23
21 27 23
21 26 23
21 25 23
21 24 23
20 24 23
20 23 23
20 22 23
20 21 23
20 20 23
20 19 23
20 18 23
20 17 23
20 16 23
20 15 23
21 15 23
21 14 23
21 13 23
21 12 23
21 11 23
20 11 23
20 10 23
20 9 23
20 8 23
19 8 23
19 7 23
18 7 23
18 6 23
17 6 23
16 6 23
15 6 23
15 7 23
14 7 23
13 7 23
13 6 23
12 6 23
12 7 23
11 7 23
11 8 23
10 8 23
10 9 23
10 10 23
10 11 23
10 11 22
10 10 22
10 9 22
10 8 22
11 8 22
11 7 22
12 7 22
12 6 22
13 6 22
13 7 22
14 7 22
15 7 22
16 7 22
17 7 22
17 6 22
18 6 22
18 7 22
19 7 22
19 8 22
20 8 22
20 9 22
20 10 22
20 11 22
21 11 22
21 12 22
21 13 22
21 14 22
21 15 22
20 15 22
20 16 22
20 17 22
19 17 22
19 18 22
19 19 22
19 20 22
19 21 22
20 21 22
20 22 22
20 23 22
20 24 22
20 25 22
21 25 22
21 26 22
21 27 22
21 28 22
21 29 22
21 30 22
21 31 22
20 31 22
20 32 22
20 33 22
19 33 22
19 34 22
18 34 22
18 35 22
18 36 22
17 36 22
16 36 22
15 36 22
14 36 22
13 36 22
12 36 22
12 35 22
11 35 22
11 34 22
11 33 22
10 33 22
10 32 22
9 32 22
9 31 22
9 30 22
9 29 22
9 28 22
9 27 22
9 26 22
9 25 22
10 25 22
10 24 22
10 23 22
10 22 22
10 21 22
10 20 22
10 19 22
10 18 22
10 17 22
10 16 22
9 16 22
9 15 22
9 15 21
9 16 21
10 16 21
10 17 21
11 17 21
11 18 21
11 19 21
11 20 21
11 21 21
11 22 21
11 23 21
10 23 21
10 24 21
10 25 21
10 26 21
9 26 21
9 27 21
9 28 21
9 29 21
9 30 21
9 31 21
10 31 21
10 32 21
10 33 21
11 33 21
11 34 21
12 34 21
12 35 21
12 36 21
13 36 21
14 36 21
15 36 21
16 36 21
17 36 21
18 36 21
18 35 21
18 34 21
19 34 21
19 33 21
20 33 21
20 32 21
20 31 21
21 31 21
21 30 21
21 29 21
21 28 21
21 27 21
21 26 21
21 25 21
20 25 21
20 24 21
20 23 21
20 22 21
19 22 21
19 21 21
19 20 21
19 19 21
19 18 21
19 17 21
20 17 21
20 16 21
21 16 21
21 15 21
21 14 21
21 13 21
21 12 21
21 11 21
21 10 21
20 10 21
20 9 21
19 9 21
19 8 21
19 7 21
18 7 21
17 7 21
16 7 21
15 7 21
14 7 21
13 7 21
12 7 21
11 7 21
11 8 21
11 9 21
10 9 21
10 10 21
9 10 21
9 11 21
10 11 21
11 11 21
11 10 21
12 10 21
12 9 21
12 8 21
13 8 21
14 8 21
15 8 21
16 8 21
17 8 21
18 8 21
18 9 21
18 10 21
19 10 21
19 11 21
20 11 21
20 12 21
20 13 21
20 14 21
20 15 21
19 15 21
19 16 21
18 16 21
18 17 21
18 18 21
18 19 21
18 20 21
18 21 21
18 22 21
18 23 21
19 23 21
19 24 21
19 25 21
19 26 21
20 26 21
20 27 21
20 28 21
20 29 21
20 30 21
19 30 21
19 31 21
19 32 21
18 32 21
18 33 21
17 33 21
17 34 21
17 35 21
16 35 21
15 35 21
14 35 21
13 35 21
13 34 21
13 33 21
12 33 21
12 32 21
11 32 21
11 31 21
11 30 21
10 30 21
10 29 21
10 28 21
10 27 21
11 27 21
11 26 21
11 25 21
11 24 21
12 24 21
12 23 21
12 22 21
12 21 21
12 20 21
12 19 21
12 18 21
12 17 21
12 16 21
11 16 21
11 15 21
10 15 21
10 14 21
10 13 21
11 13 21
11 14 21
12 14 21
12 15 21
13 15 21
13 16 21
13 17 21
13 18 21
13 19 21
13 20 21
13 21 21
13 22 21
13 23 21
13 24 21
13 25 21
12 25 21
12 26 21
13 26 21
14 26 21
14 25 21
14 24 21
14 23 21
14 22 21
14 21 21
14 20 21
14 19 21
14 18 21
14 17 21
14 16 21
14 15 21
14 14 21
13 14 21
13 13 21
13 12 21
14 12 21
14 11 21
14 10 21
15 10 21
16 10 21
16 11 21
16 12 21
17 12 21
17 13 21
17 14 21
16 14 21
16 15 21
16 16 21
16 17 21
16 18 21
16 19 21
16 20 21
16 21 21
16 22 21
16 23 21
16 24 21
16 25 21
17 25 21
17 26 21
17 27 21
17 28 21
17 29 21
17 30 21
16 30 21
16 31 21
15 31 21
14 31 21
14 30 21
13 30 21
13 29 21
13 28 21
14 28 21
14 29 21
15 29 21
16 29 21
16 28 21
16 27 21
16 26 21
15 26 21
15 27 21
14 27 21
13 27 21
12 27 21
12 28 21
11 28 21
11 29 21
12 29 21
12 30 21
12 31 21
13 31 21
13 32 21
14 32 21
14 33 21
14 34 21
15 34 21
16 34 21
16 33 21
16 32 21
17 32 21
17 31 21
18 31 21
18 30 21
18 29 21
19 29 21
19 28 21
19 27 21
18 27 21
18 26 21
18 25 21
18 24 21
17 24 21
17 23 21
17 22 21
17 21 21
17 20 21
17 19 21
17 18 21
17 17 21
17 16 21
17 15 21
18 15 21
18 14 21
19 14 21
19 13 21
19 12 21
18 12 21
18 11 21
17 11 21
17 10 21
17 9 21
16 9 21
15 9 21
14 9 21
13 9 21
13 10 21
13 11 21
12 11 21
12 12 21
11 12 21
10 12 21
9 12 21
9 13 21
9 13 20
10 13 20
10 14 20
11 14 20
11 15 20
11 16 20
12 16 20
12 17 20
12 18 20
12 19 20
12 20 20
12 21 20
12 22 20
12 23 20
12 24 20
12 25 20
11 25 20
11 26 20
11 27 20
10 27 20
10 28 20
11 28 20
12 28 20
12 27 20
12 26 20
13 26 20
13 25 20
13 24 20
13 23 20
13 22 20
13 21 20
13 20 20
13 19 20
13 18 20
13 17 20
13 16 20
13 15 20
12 15 20
12 14 20
12 13 20
13 13 20
13 14 20
14 14 20
14 15 20
14 16 20
14 17 20
14 18 20
14 19 20
14 20 20
14 21 20
14 22 20
14 23 20
14 24 20
14 25 20
14 26 20
14 27 20
13 27 20
13 28 20
13 29 20
14 29 20
14 30 20
14 31 20
15 31 20
16 31 20
16 30 20
16 29 20
17 29 20
17 28 20
17 27 20
16 27 20
16 26 20
16 25 20
16 24 20
16 23 20
16 22 20
16 21 20
16 20 20
16 19 20
16 18 20
16 17 20
16 16 20
16 15 20
16 14 20
17 14 20
17 13 20
17 12 20
16 12 20
16 11 20
15 11 20
14 11 20
14 12 20
13 12 20
12 12 20
12 11 20
13 11 20
13 10 20
14 10 20
15 10 20
16 10 20
17 10 20
17 11 20
18 11 20
18 12 20
19 12 20
19 13 20
19 14 20
18 14 20
18 15 20
17 15 20
17 16 20
17 17 20
17 18 20
17 19 20
17 20 20
17 21 20
17 22 20
17 23 20
17 24 20
17 25 20
17 26 20
18 26 20
18 27 20
18 28 20
19 28 20
19 29 20
18 29 20
18 30 20
17 30 20
17 31 20
17 32 20
16 32 20
16 33 20
15 33 20
14 33 20
14 32 20
13 32 20
13 31 20
13 30 20
12 30 20
12 29 20
11 29 20
10 29 20
10 30 20
11 30 20
11 31 20
12 31 20
12 32 20
12 33 20
13 33 20
13 34 20
14 34 20
15 34 20
16 34 20
17 34 20
17 33 20
18 33 20
18 32 20
18 31 20
19 31 20
19 30 20
20 30 20
20 29 20
20 28 20
20 27 20
19 27 20
19 26 20
19 25 20
18 25 20
18 24 20
18 23 20
18 22 20
18 21 20
18 20 20
18 19 20
18 18 20
18 17 20
18 16 20
19 16 20
19 15 20
20 15 20
20 14 20
20 13 20
20 12 20
20 11 20
19 11 20
19 10 20
18 10 20
18 9 20
17 9 20
16 9 20
15 9 20
14 9 20
13 9 20
12 9 20
12 10 20
11 10 20
11 11 20
11 12 20
10 12 20
9 12 20
9 12 19
10 12 19
11 12 19
12 12 19
13 12 19
14 12 19
15 12 19
16 12 19
17 12 19
17 13 19
16 13 19
16 14 19
15 14 19
15 15 19
15 16 19
15 17 19
15 18 19
15 19 19
15 20 19
15 21 19
15 22 19
15 23 19
15 24 19
15 25 19
15 26 19
16 26 19
16 27 19
16 28 19
17 28 19
17 29 19
16 29 19
16 30 19
16 31 19
15 31 19
14 31 19
14 30 19
14 29 19
13 29 19
13 28 19
14 28 19
14 27 19
14 26 19
14 25 19
14 24 19
14 23 19
14 22 19
14 21 19
14 20 19
14 19 19
14 18 19
14 17 19
14 16 19
14 15 19
14 14 19
14 13 19
13 13 19
12 13 19
12 14 19
13 14 19
13 15 19
13 16 19
13 17 19
13 18 19
13 19 19
13 20 19
13 21 19
13 22 19
13 23 19
13 24 19
13 25 19
13 26 19
13 27 19
12 27 19
12 28 19
12 29 19
12 30 19
13 30 19
13 31 19
13 32 19
14 32 19
15 32 19
16 32 19
17 32 19
17 31 19
17 30 19
18 30 19
18 29 19
18 28 19
18 27 19
17 27 19
17 26 19
17 25 19
16 25 19
16 24 19
16 23 19
16 22 19
16 21 19
16 20 19
16 19 19
16 18 19
16 17 19
16 16 19
16 15 19
17 15 19
17 14 19
18 14 19
18 13 19
18 12 19
18 11 19
17 11 19
16 11 19
15 11 19
14 11 19
13 11 19
12 11 19
11 11 19
11 10 19
12 10 19
12 9 19
13 9 19
13 10 19
14 10 19
15 10 19
16 10 19
17 10 19
17 9 19
18 9 19
18 10 19
19 10 19
19 11 19
19 12 19
20 12 19
20 13 19
20 14 19
19 14 19
19 15 19
18 15 19
18 16 19
17 16 19
17 17 19
17 18 19
17 19 19
17 20 19
17 21 19
17 22 19
17 23 19
17 24 19
18 24 19
18 25 19
18 26 19
19 26 19
19 27 19
20 27 19
20 28 19
20 29 19
19 29 19
19 30 19
19 31 19
18 31 19
18 32 19
18 33 19
17 33 19
16 33 19
15 33 19
14 33 19
13 33 19
12 33 19
12 32 19
12 31 19
11 31 19
11 30 19
11 29 19
10 29 19
10 28 19
10 27 19
11 27 19
11 26 19
12 26 19
12 25 19
12 24 19
12 23 19
12 22 19
12 21 19
12 20 19
12 19 19
12 18 19
12 17 19
12 16 19
12 15 19
11 15 19
11 14 19
10 14 19
10 13 19
9 13 19
9 14 19
9 15 19
10 15 19
10 16 19
11 16 19
11 17 19
11 18 19
11 19 19
11 20 19
11 21 19
11 22 19
11 23 19
11 24 19
11 25 19
10 25 19
10 26 19
9 26 19
9 27 19
9 28 19
9 29 19
9 30 19
10 30 19
10 31 19
10 32 19
11 32 19
11 33 19
11 34 19
12 34 19
13 34 19
14 34 19
14 35 19
15 35 19
16 35 19
16 34 19
17 34 19
18 34 19
19 34 19
19 33 19
19 32 19
20 32 19
20 31 19
20 30 19
21 30 19
21 29 19
21 28 19
21 27 19
21 26 19
20 26 19
20 25 19
19 25 19
19 24 19
19 23 19
18 23 19
18 22 19
18 21 19
18 20 19
18 19 19
18 18 19
18 17 19
19 17 19
19 16 19
20 16 19
20 15 19
21 15 19
21 14 19
21 13 19
21 12 19
21 11 19
20 11 19
20 10 19
20 9 19
19 9 19
19 8 19
18 8 19
17 8 19
16 8 19
16 9 19
15 9 19
14 9 19
14 8 19
13 8 19
12 8 19
11 8 19
11 9 19
10 9 19
10 10 19
10 10 18
11 10 18
11 9 18
12 9 18
13 9 18
13 10 18
14 10 18
15 10 18
16 10 18
17 10 18
17 9 18
18 9 18
19 9 18
19 10 18
20 10 18
20 11 18
20 12 18
21 12 18
21 13 18
21 14 18
21 15 18
20 15 18
20 16 18
19 16 18
19 17 18
18 17 18
17 17 18
17 18 18
17 19 18
18 19 18
18 20 18
18 21 18
18 22 18
18 23 18
18 24 18
18 25 18
19 25 18
20 25 18
20 26 18
20 27 18
20 28 18
20 29 18
20 30 18
20 31 18
19 31 18
19 32 18
19 33 18
18 33 18
17 33 18
16 33 18
16 34 18
15 34 18
14 34 18
14 33 18
13 33 18
12 33 18
11 33 18
11 32 18
11 31 18
10 31 18
10 30 18
10 29 18
10 28 18
10 27 18
10 26 18
11 26 18
11 25 18
12 25 18
12 24 18
12 23 18
12 22 18
12 21 18
12 20 18
12 19 18
12 18 18
12 17 18
11 17 18
11 16 18
10 16 18
10 15 18
9 15 18
9 15 17
10 15 17
10 16 17
11 16 17
12 16 17
13 16 17
14 16 17
14 17 17
14 18 17
14 19 17
14 20 17
14 21 17
14 22 17
14 23 17
14 24 17
14 25 17
13 25 17
12 25 17
11 25 17
11 26 17
10 26 17
10 27 17
11 27 17
12 27 17
12 26 17
13 26 17
13 27 17
13 28 17
13 29 17
14 29 17
15 29 17
16 29 17
17 29 17
17 28 17
17 27 17
16 27 17
15 27 17
14 27 17
14 26 17
15 26 17
16 26 17
17 26 17
18 26 17
18 27 17
19 27 17
19 28 17
19 29 17
19 29 16
19 28 16
19 27 16
18 27 16
17 27 16
17 26 16
18 26 16
19 26 16
20 26 16
20 27 16
20 28 16
20 29 16
20 30 16
19 30 16
19 31 16
18 31 16
18 30 16
17 30 16
17 29 16
17 29 15
17 30 15
18 30 15
19 30 15
19 29 15
19 28 15
19 27 15
19 26 15
18 26 15
18 27 15
18 27 14
19 27 14
19 28 14
19 29 14
19 30 14
18 30 14
17 30 14
17 29 14
17 28 14
17 28 13
17 29 13
17 30 13
18 30 13
19 30 13
19 29 13
19 28 13
19 27 13
18 27 13
18 27 12
19 27 12
19 28 12
19 29 12
19 30 12
18 30 12
17 30 12
17 29 12
17 28 12
17 28 11
17 29 11
17 29 10
17 29 9
18 29 9
19 29 9
19 28 9
18 28 9
18 28 8
19 28 8
19 29 8
18 29 8
17 29 8
17 29 7
18 29 7
18 30 7
19 30 7
19 29 7
19 28 7
19 28 6
19 29 6
19 30 6
18 30 6
17 30 6
17 30 5
18 30 5
19 30 5
19 29 5
19 28 5
19 28 4
19 29 4
19 30 4
18 30 4
18 29 4
18 29 3
18 30 3
19 30 3
19 29 3
19 28 3
19 28 2
19 29 2
19 30 2
19 31 2
18 31 2
18 30 2
18 30 1
18 31 1
19 31 1
20 31 1
20 30 1
19 30 1
19 29 1
19 29 0
19 30 0
20 30 0
20 31 0
19 31 0
18 31 0
18 30 0
18 29 0
18 29 1
18 29 2
18 28 2
18 28 3
18 28 4
18 28 5
18 29 5
17 29 5
17 29 6
18 29 6
18 28 6
18 28 7
17 28 7
17 28 8
17 28 9
17 28 10
18 28 10
19 28 10
19 29 10
18 29 10
18 30 10
17 30 10
17 30 11
18 30 11
18 29 11
19 29 11
19 28 11
18 28 11
18 27 11
17 27 11
17 27 12
17 27 13
17 27 14
17 27 15
17 28 15
17 28 16
18 28 16
18 29 16
18 29 17
18 30 17
17 30 17
16 30 17
15 30 17
14 30 17
13 30 17
12 30 17
12 29 17
11 29 17
11 28 17
10 28 17
10 29 17
10 29 16
11 29 16
12 29 16
12 28 16
11 28 16
10 28 16
10 27 16
11 27 16
11 26 16
12 26 16
13 26 16
13 27 16
13 28 16
13 29 16
13 30 16
13 30 15
13 29 15
13 28 15
13 27 15
12 27 15
12 27 14
13 27 14
13 28 14
13 29 14
13 30 14
12 30 14
11 30 14
11 29 14
11 28 14
11 28 13
11 29 13
11 30 13
12 30 13
13 30 13
13 29 13
13 28 13
13 27 13
12 27 13
12 27 12
13 27 12
13 28 12
13 29 12
13 30 12
12 30 12
11 30 12
11 29 12
11 29 11
12 29 11
12 30 11
13 30 11
13 29 11
13 28 11
13 27 11
12 27 11
12 28 11
12 28 10
13 28 10
13 29 10
12 29 10
11 29 10
11 29 9
12 29 9
13 29 9
13 28 9
12 28 9
12 28 8
13 28 8
13 29 8
12 29 8
11 29 8
11 29 7
11 30 7
12 30 7
12 29 7
13 29 7
13 28 7
12 28 7
12 28 6
12 29 6
12 30 6
11 30 6
11 29 6
11 29 5
11 30 5
12 30 5
12 29 5
12 28 5
12 28 4
12 29 4
12 30 4
11 30 4
11 29 4
11 29 3
11 30 3
11 31 3
12 31 3
12 30 3
12 29 3
12 28 3
12 28 2
12 29 2
12 30 2
12 31 2
11 31 2
11 30 2
11 30 1
11 31 1
12 31 1
12 30 1
12 29 1
12 29 0
12 30 0
12 31 0
11 31 0
11 30 0
11 29 0
11 29 1
11 29 2
11 28 2
11 28 3
11 28 4
11 28 5
11 28 6
11 28 7
11 28 8
11 28 9
11 28 10
11 28 11
11 28 12
11 27 12
11 27 13
11 27 14
11 27 15
11 28 15
11 29 15
11 30 15
12 30 15
12 30 16
12 31 16
11 31 16
11 30 16
10 30 16
10 30 17
11 30 17
11 31 17
11 32 17
12 32 17
12 31 17
13 31 17
14 31 17
14 32 17
15 32 17
16 32 17
16 31 17
17 31 17
18 31 17
18 32 17
19 32 17
19 31 17
19 30 17
20 30 17
20 29 17
20 28 17
20 27 17
20 26 17
19 26 17
19 25 17
18 25 17
17 25 17
16 25 17
16 24 17
16 23 17
16 22 17
16 21 17
16 20 17
16 19 17
16 18 17
15 18 17
15 17 17
15 16 17
16 16 17
17 16 17
18 16 17
19 16 17
19 15 17
20 15 17
21 15 17
21 14 17
21 13 17
20 13 17
20 12 17
20 12 16
20 13 16
20 14 16
20 15 16
19 15 16
18 15 16
17 15 16
17 14 16
17 13 16
18 13 16
18 14 16
19 14 16
19 13 16
19 12 16
18 12 16
17 12 16
17 12 15
18 12 15
19 12 15
19 13 15
18 13 15
17 13 15
17 14 15
18 14 15
18 15 15
19 15 15
19 14 15
20 14 15
20 13 15
20 12 15
20 11 15
19 11 15
19 10 15
18 10 15
18 10 14
18 9 14
18 9 13
18 10 13
18 11 13
18 12 13
18 13 13
19 13 13
19 12 13
20 12 13
20 11 13
20 10 13
20 9 13
20 8 13
19 8 13
19 8 12
20 8 12
20 9 12
20 10 12
20 11 12
19 11 12
19 12 12
18 12 12
18 11 12
18 10 12
18 9 12
18 9 11
18 10 11
19 10 11
20 10 11
20 9 11
19 9 11
19 8 11
19 8 10
19 9 10
19 10 10
18 10 10
18 10 9
19 10 9
19 9 9
19 9 8
19 10 8
18 10 8
18 10 7
19 10 7
19 9 7
19 9 6
19 10 6
18 10 6
18 10 5
19 10 5
19 9 5
19 9 4
19 10 4
19 11 4
18 11 4
18 11 3
18 12 3
19 12 3
19 11 3
19 10 3
19 10 2
19 11 2
19 12 2
18 12 2
18 11 2
18 11 1
18 11 0
19 11 0
19 12 0
19 13 0
18 13 0
18 12 0
18 12 1
19 12 1
19 11 1
19 10 1
18 10 1
18 10 2
18 10 3
18 10 4
18 9 4
18 9 5
18 9 6
18 9 7
18 9 8
18 9 9
18 9 10
18 8 10
18 8 11
18 8 12
18 8 13
18 8 14
19 8 14
19 9 14
20 9 14
20 10 14
20 11 14
20 12 14
20 13 14
19 13 14
19 14 14
18 14 14
18 13 14
18 12 14
18 11 14
18 11 15
17 11 15
17 11 16
18 11 16
18 10 16
19 10 16
19 11 16
20 11 16
20 11 17
20 10 17
19 10 17
19 9 17
18 9 17
18 10 17
17 10 17
17 11 17
17 12 17
17 13 17
16 13 17
16 14 17
16 15 17
15 15 17
14 15 17
14 14 17
13 14 17
13 13 17
13 12 17
13 12 16
13 13 16
13 14 16
12 14 16
12 15 16
11 15 16
10 15 16
10 14 16
10 13 16
11 13 16
12 13 16
12 12 16
11 12 16
10 12 16
10 12 15
10 13 15
10 14 15
11 14 15
12 14 15
12 13 15
13 13 15
13 12 15
12 12 15
12 11 15
12 10 15
11 10 15
11 10 14
11 9 14
12 9 14
12 10 14
12 11 14
12 12 14
12 13 14
12 14 14
11 14 14
11 13 14
10 13 14
10 12 14
10 11 14
10 11 13
10 12 13
11 12 13
11 13 13
12 13 13
12 12 13
12 11 13
12 10 13
12 9 13
12 8 13
11 8 13
11 8 12
12 8 12
12 9 12
12 10 12
12 11 12
12 12 12
11 12 12
11 11 12
10 11 12
10 10 12
10 10 11
11 10 11
12 10 11
12 10 10
11 10 10
11 10 9
12 10 9
12 9 9
12 9 8
12 10 8
11 10 8
11 10 7
12 10 7
12 9 7
12 9 6
12 10 6
11 10 6
11 10 5
12 10 5
12 9 5
12 9 4
12 10 4
12 11 4
11 11 4
11 11 3
11 12 3
12 12 3
12 11 3
12 10 3
12 10 2
12 11 2
12 12 2
11 12 2
11 11 2
11 11 1
11 11 0
12 11 0
12 12 0
12 13 0
11 13 0
11 12 0
11 12 1
12 12 1
12 11 1
12 10 1
11 10 1
11 10 2
11 10 3
11 10 4
11 9 4
11 9 5
11 9 6
11 9 7
11 9 8
11 9 9
11 9 10
12 9 10
12 9 11
12 8 11
11 8 11
11 9 11
10 9 11
10 9 12
10 8 12
10 8 13
10 9 13
10 10 13
10 10 14
10 10 15
10 11 15
10 11 16
11 11 16
11 10 16
12 10 16
12 11 16
13 11 16
13 11 17
13 10 17
12 10 17
12 9 17
11 9 17
11 10 17
10 10 17
10 11 17
10 12 17
10 13 17
9 13 17
9 14 17
9 14 18
10 14 18
11 14 18
11 15 18
12 15 18
12 16 18
13 16 18
13 17 18
13 18 18
13 19 18
13 20 18
13 21 18
13 22 18
13 23 18
13 24 18
13 25 18
13 26 18
12 26 18
12 27 18
11 27 18
11 28 18
11 29 18
11 30 18
12 30 18
12 31 18
12 32 18
13 32 18
14 32 18
15 32 18
16 32 18
17 32 18
18 32 18
18 31 18
18 30 18
19 30 18
19 29 18
19 28 18
19 27 18
19 26 18
18 26 18
17 26 18
17 25 18
17 24 18
17 23 18
17 22 18
17 21 18
17 20 18
16 20 18
16 19 18
16 18 18
16 17 18
16 16 18
17 16 18
18 16 18
18 15 18
19 15 18
19 14 18
20 14 18
20 13 18
19 13 18
19 12 18
19 11 18
18 11 18
17 11 18
16 11 18
15 11 18
14 11 18
13 11 18
12 11 18
11 11 18
11 12 18
12 12 18
13 12 18
14 12 18
15 12 18
16 12 18
17 12 18
18 12 18
18 13 18
18 14 18
17 14 18
17 15 18
16 15 18
15 15 18
15 16 18
15 17 18
15 18 18
15 19 18
15 20 18
15 21 18
16 21 18
16 22 18
16 23 18
16 24 18
16 25 18
16 26 18
16 27 18
17 27 18
18 27 18
18 28 18
18 29 18
17 29 18
17 30 18
17 31 18
16 31 18
15 31 18
14 31 18
13 31 18
13 30 18
14 30 18
15 30 18
16 30 18
16 29 18
16 28 18
15 28 18
14 28 18
14 29 18
13 29 18
12 29 18
12 28 18
13 28 18
13 27 18
14 27 18
14 26 18
14 25 18
14 24 18
14 23 18
14 22 18
14 21 18
14 20 18
14 19 18
14 18 18
14 17 18
14 16 18
14 15 18
13 15 18
13 14 18
12 14 18
12 13 18
11 13 18
10 13 18
9 13 18
9 12 18
10 12 18
10 11 18
10 11 19
9 11 19
9 11 20
10 11 20
10 10 20
10 9 20
11 9 20
11 8 20
12 8 20
12 7 20
13 7 20
13 8 20
14 8 20
15 8 20
16 8 20
17 8 20
17 7 20
18 7 20
19 7 20
19 8 20
19 9 20
20 9 20
20 10 20
21 10 20
21 11 20
21 12 20
21 13 20
21 14 20
21 15 20
21 16 20
20 16 20
20 17 20
19 17 20
19 18 20
19 19 20
19 20 20
19 21 20
19 22 20
19 23 20
19 24 20
20 24 20
20 25 20
20 26 20
21 26 20
21 27 20
21 28 20
21 29 20
21 30 20
21 31 20
20 31 20
20 32 20
19 32 20
19 33 20
19 34 20
18 34 20
18 35 20
17 35 20
16 35 20
16 36 20
15 36 20
14 36 20
14 35 20
13 35 20
12 35 20
12 34 20
11 34 20
11 33 20
11 32 20
10 32 20
10 31 20
9 31 20
9 30 20
9 29 20
9 28 20
9 27 20
9 26 20
10 26 20
10 25 20
10 24 20
11 24 20
11 23 20
11 22 20
11 21 20
11 20 20
11 19 20
11 18 20
11 17 20
10 17 20
10 16 20
10 15 20
9 15 20
9 14 20
9 14 21
9 14 22
9 13 22
10 13 22
11 13 22
12 13 22
12 12 22
12 11 22
12 10 22
13 10 22
13 9 22
14 9 22
15 9 22
16 9 22
17 9 22
17 10 22
18 10 22
18 11 22
18 12 22
18 13 22
18 14 22
18 15 22
17 15 22
17 16 22
17 17 22
17 18 22
17 19 22
17 20 22
17 21 22
17 22 22
17 23 22
18 23 22
18 24 22
18 25 22
18 26 22
18 27 22
19 27 22
19 28 22
19 29 22
18 29 22
18 30 22
18 31 22
17 31 22
17 32 22
16 32 22
16 33 22
16 34 22
15 34 22
14 34 22
14 33 22
13 33 22
13 32 22
13 31 22
12 31 22
12 30 22
11 30 22
11 29 22
12 29 22
13 29 22
13 30 22
14 30 22
14 31 22
14 32 22
15 32 22
15 31 22
16 31 22
16 30 22
17 30 22
17 29 22
17 28 22
17 27 22
17 26 22
17 25 22
17 24 22
16 24 22
16 23 22
16 22 22
16 21 22
16 20 22
16 19 22
16 18 22
16 17 22
16 16 22
16 15 22
16 14 22
17 14 22
17 13 22
17 12 22
17 11 22
16 11 22
16 10 22
15 10 22
14 10 22
14 11 22
13 11 22
13 12 22
14 12 22
15 12 22
16 12 22
16 13 22
15 13 22
15 14 22
15 15 22
15 16 22
15 17 22
15 18 22
15 19 22
15 20 22
15 21 22
15 22 22
15 23 22
15 24 22
15 25 22
16 25 22
16 26 22
16 27 22
16 28 22
16 29 22
15 29 22
14 29 22
14 28 22
14 27 22
14 26 22
14 25 22
14 24 22
14 23 22
14 22 22
14 21 22
14 20 22
14 19 22
14 18 22
14 17 22
14 16 22
14 15 22
14 14 22
14 13 22
13 13 22
13 14 22
13 15 22
13 16 22
13 17 22
13 18 22
13 19 22
13 20 22
13 21 22
13 22 22
13 23 22
13 24 22
13 25 22
13 26 22
13 27 22
13 28 22
12 28 22
11 28 22
11 27 22
12 27 22
12 26 22
12 25 22
12 24 22
12 23 22
12 22 22
12 21 22
12 20 22
12 19 22
12 18 22
12 17 22
12 16 22
12 15 22
12 14 22
11 14 22
10 14 22
10 15 22
11 15 22
11 16 22
11 17 22
11 18 22
11 19 22
11 20 22
11 21 22
11 22 22
11 23 22
11 24 22
11 25 22
11 26 22
10 26 22
10 27 22
10 28 22
10 29 22
10 30 22
10 31 22
11 31 22
11 32 22
12 32 22
12 33 22
12 34 22
13 34 22
13 35 22
14 35 22
15 35 22
16 35 22
17 35 22
17 34 22
17 33 22
18 33 22
18 32 22
19 32 22
19 31 22
19 30 22
20 30 22
20 29 22
20 28 22
20 27 22
20 26 22
19 26 22
19 25 22
19 24 22
19 23 22
19 22 22
18 22 22
18 21 22
18 20 22
18 19 22
18 18 22
18 17 22
18 16 22
19 16 22
19 15 22
19 14 22
20 14 22
20 13 22
20 12 22
19 12 22
19 11 22
19 10 22
19 9 22
18 9 22
18 8 22
17 8 22
16 8 22
15 8 22
14 8 22
13 8 22
12 8 22
12 9 22
11 9 22
11 10 22
11 11 22
11 12 22
10 12 22
9 12 22
9 11 22
9 11 23
9 12 23
10 12 23
11 12 23
11 11 23
11 10 23
11 9 23
12 9 23
12 8 23
13 8 23
14 8 23
15 8 23
16 8 23
16 7 23
17 7 23
17 8 23
18 8 23
18 9 23
19 9 23
19 10 23
19 11 23
19 12 23
20 12 23
20 13 23
20 14 23
19 14 23
19 15 23
19 16 23
19 17 23
19 18 23
19 19 23
19 20 23
19 21 23
19 22 23
19 23 23
19 24 23
19 25 23
20 25 23
20 26 23
20 27 23
20 28 23
20 29 23
20 30 23
20 31 23
19 31 23
19 32 23
18 32 23
18 33 23
17 33 23
17 34 23
17 35 23
16 35 23
15 35 23
15 36 23
14 36 23
14 35 23
13 35 23
13 34 23
12 34 23
12 33 23
12 32 23
11 32 23
11 31 23
10 31 23
10 30 23
10 29 23
10 28 23
10 27 23
10 26 23
10 25 23
11 25 23
11 24 23
11 23 23
11 22 23
11 21 23
11 20 23
11 19 23
11 18 23
11 17 23
11 16 23
11 15 23
10 15 23
10 14 23
11 14 23
12 14 23
12 15 23
12 16 23
12 17 23
12 18 23
12 19 23
12 20 23
12 21 23
12 22 23
12 23 23
12 24 23
12 25 23
12 26 23
11 26 23
11 27 23
12 27 23
13 27 23
13 26 23
13 25 23
13 24 23
13 23 23
13 22 23
13 21 23
13 20 23
13 19 23
13 18 23
13 17 23
13 16 23
13 15 23
13 14 23
13 13 23
14 13 23
14 14 23
14 15 23
14 16 23
14 17 23
14 18 23
14 19 23
14 20 23
14 21 23
14 22 23
14 23 23
14 24 23
14 25 23
14 26 23
14 27 23
14 28 23
14 29 23
15 29 23
16 29 23
16 28 23
16 27 23
16 26 23
16 25 23
16 24 23
16 23 23
16 22 23
16 21 23
16 20 23
16 19 23
16 18 23
16 17 23
16 16 23
16 15 23
16 14 23
16 13 23
16 12 23
15 12 23
14 12 23
13 12 23
13 11 23
14 11 23
14 10 23
15 10 23
16 10 23
16 11 23
17 11 23
17 12 23
17 13 23
17 14 23
17 15 23
17 16 23
17 17 23
17 18 23
17 19 23
17 20 23
17 21 23
17 22 23
17 23 23
17 24 23
17 25 23
17 26 23
17 27 23
18 27 23
18 28 23
18 29 23
17 29 23
17 30 23
16 30 23
16 31 23
15 31 23
15 32 23
14 32 23
14 31 23
14 30 23
13 30 23
13 29 23
12 29 23
12 28 23
11 28 23
11 29 23
11 30 23
12 30 23
12 31 23
13 31 23
13 32 23
13 33 23
14 33 23
14 34 23
15 34 23
16 34 23
16 33 23
16 32 23
17 32 23
17 31 23
18 31 23
18 30 23
19 30 23
19 29 23
19 28 23
19 27 23
19 26 23
18 26 23
18 25 23
18 24 23
18 23 23
18 22 23
18 21 23
18 20 23
18 19 23
18 18 23
18 17 23
18 16 23
18 15 23
18 14 23
18 13 23
18 12 23
18 11 23
18 10 23
17 10 23
17 9 23
16 9 23
15 9 23
14 9 23
13 9 23
13 10 23
12 10 23
12 11 23
12 12 23
12 13 23
11 13 23
10 13 23
9 13 23
9 14 23
9 14 24
10 14 24
11 14 24
11 15 24
11 16 24
11 17 24
11 18 24
11 19 24
11 20 24
11 21 24
11 22 24
11 23 24
11 24 24
11 25 24
10 25 24
10 26 24
11 26 24
12 26 24
12 25 24
12 24 24
12 23 24
12 22 24
12 21 24
12 20 24
12 19 24
12 18 24
12 17 24
12 16 24
12 15 24
12 14 24
12 13 24
12 12 24
12 11 24
12 10 24
13 10 24
13 9 24
14 9 24
14 8 24
15 8 24
16 8 24
16 9 24
17 9 24
17 10 24
18 10 24
18 11 24
18 12 24
18 13 24
18 14 24
18 15 24
18 16 24
18 17 24
18 18 24
18 19 24
18 20 24
18 21 24
18 22 24
18 23 24
18 24 24
18 25 24
18 26 24
19 26 24
19 27 24
19 28 24
19 29 24
19 30 24
18 30 24
18 31 24
17 31 24
17 32 24
16 32 24
16 33 24
16 34 24
15 34 24
14 34 24
14 33 24
14 32 24
13 32 24
13 31 24
12 31 24
12 30 24
11 30 24
11 29 24
11 28 24
12 28 24
12 29 24
13 29 24
13 30 24
14 30 24
14 31 24
15 31 24
16 31 24
16 30 24
17 30 24
17 29 24
18 29 24
18 28 24
18 27 24
17 27 24
17 26 24
17 25 24
17 24 24
17 23 24
17 22 24
17 21 24
17 20 24
17 19 24
17 18 24
17 17 24
17 16 24
17 15 24
17 14 24
17 13 24
17 12 24
17 11 24
16 11 24
16 10 24
15 10 24
14 10 24
14 11 24
13 11 24
13 12 24
14 12 24
15 12 24
16 12 24
16 13 24
16 14 24
16 15 24
16 16 24
16 17 24
16 18 24
16 19 24
16 20 24
16 21 24
16 22 24
16 23 24
16 24 24
16 25 24
16 26 24
16 27 24
16 28 24
16 29 24
15 29 24
14 29 24
14 28 24
14 27 24
14 26 24
14 25 24
14 24 24
14 23 24
14 22 24
14 21 24
14 20 24
14 19 24
14 18 24
14 17 24
14 16 24
14 15 24
14 14 24
14 13 24
13 13 24
13 14 24
13 15 24
13 16 24
13 17 24
13 18 24
13 19 24
13 20 24
13 21 24
13 22 24
13 23 24
13 24 24
13 25 24
13 26 24
13 27 24
12 27 24
11 27 24
10 27 24
10 28 24
10 29 24
10 30 24
10 31 24
11 31 24
11 32 24
12 32 24
12 33 24
13 33 24
13 34 24
13 35 24
14 35 24
14 36 24
15 36 24
16 36 24
16 35 24
17 35 24
17 34 24
17 33 24
18 33 24
18 32 24
19 32 24
19 31 24
20 31 24
20 30 24
20 29 24
20 28 24
20 27 24
20 26 24
20 25 24
19 25 24
19 24 24
19 23 24
19 22 24
19 21 24
19 20 24
19 19 24
19 18 24
19 17 24
19 16 24
19 15 24
20 15 24
20 14 24
20 13 24
19 13 24
19 12 24
19 11 24
19 10 24
19 9 24
18 9 24
18 8 24
17 8 24
17 7 24
16 7 24
15 7 24
14 7 24
13 7 24
13 8 24
12 8 24
12 9 24
11 9 24
11 10 24
11 11 24
11 12 24
11 13 24
10 13 24
9 13 24
9 12 24
10 12 24
10 11 24
10 10 24
10 9 24
10 8 24
11 8 24
11 7 24
12 7 24
12 6 24
13 6 24
14 6 24
15 6 24
16 6 24
17 6 24
18 6 24
18 7 24
19 7 24
19 8 24
20 8 24
20 9 24
20 10 24
20 11 24
20 12 24
21 12 24
21 13 24
21 14 24
21 15 24
21 16 24
20 16 24
20 17 24
20 18 24
20 19 24
20 20 24
20 21 24
20 22 24
20 23 24
20 24 24
21 24 24
21 25 24
21 26 24
21 27 24
21 28 24
21 29 24
21 30 24
21 31 24
21 32 24
20 32 24
20 33 24
19 33 24
19 34 24
18 34 24
18 35 24
18 36 24
17 36 24
17 37 24
16 37 24
15 37 24
14 37 24
13 37 24
13 36 24
12 36 24
12 35 24
12 34 24
11 34 24
11 33 24
10 33 24
10 32 24
9 32 24
9 31 24
9 30 24
9 29 24
9 28 24
9 27 24
9 26 24
9 26 25
10 26 25
11 26 25
11 25 25
11 24 25
11 23 25
11 22 25
11 21 25
11 20 25
11 19 25
11 18 25
11 17 25
11 16 25
11 15 25
11 14 25
11 13 25
11 12 25
11 11 25
11 10 25
11 9 25
12 9 25
12 8 25
13 8 25
13 7 25
14 7 25
15 7 25
16 7 25
17 7 25
17 8 25
18 8 25
18 9 25
19 9 25
19 10 25
19 11 25
19 12 25
19 13 25
20 13 25
20 14 25
19 14 25
19 15 25
19 16 25
19 17 25
19 18 25
18 18 25
18 19 25
18 20 25
18 21 25
18 22 25
19 22 25
19 23 25
19 24 25
19 25 25
19 26 25
20 26 25
20 27 25
20 28 25
20 29 25
20 30 25
20 31 25
19 31 25
19 32 25
18 32 25
18 33 25
17 33 25
17 34 25
17 35 25
16 35 25
16 36 25
16 37 25
15 37 25
14 37 25
14 36 25
14 35 25
13 35 25
13 34 25
13 33 25
12 33 25
12 32 25
11 32 25
11 31 25
10 31 25
10 30 25
10 29 25
10 28 25
11 28 25
12 28 25
13 28 25
13 27 25
13 26 25
13 25 25
13 24 25
13 23 25
13 22 25
13 21 25
13 20 25
13 19 25
13 18 25
13 17 25
13 16 25
13 15 25
13 14 25
13 13 25
14 13 25
14 14 25
14 15 25
14 16 25
14 17 25
14 18 25
14 19 25
14 20 25
14 21 25
14 22 25
14 23 25
14 24 25
14 25 25
14 26 25
14 27 25
14 28 25
14 29 25
15 29 25
16 29 25
16 28 25
16 27 25
16 26 25
16 25 25
15 25 25
15 24 25
15 23 25
15 22 25
15 21 25
15 20 25
15 19 25
15 18 25
15 17 25
15 16 25
15 15 25
16 15 25
16 14 25
16 13 25
16 12 25
15 12 25
14 12 25
13 12 25
13 11 25
14 11 25
14 10 25
15 10 25
16 10 25
16 11 25
17 11 25
17 12 25
17 13 25
17 14 25
17 15 25
17 16 25
16 16 25
16 17 25
16 18 25
16 19 25
16 20 25
16 21 25
16 22 25
16 23 25
16 24 25
17 24 25
17 25 25
17 26 25
17 27 25
17 28 25
18 28 25
18 29 25
17 29 25
17 30 25
16 30 25
16 31 25
15 31 25
14 31 25
14 30 25
13 30 25
13 29 25
12 29 25
11 29 25
11 30 25
12 30 25
12 31 25
13 31 25
13 32 25
14 32 25
14 33 25
14 34 25
15 34 25
16 34 25
16 33 25
16 32 25
17 32 25
17 31 25
18 31 25
18 30 25
19 30 25
19 29 25
19 28 25
19 27 25
18 27 25
18 26 25
18 25 25
18 24 25
18 23 25
17 23 25
17 22 25
17 21 25
17 20 25
17 19 25
17 18 25
17 17 25
18 17 25
18 16 25
18 15 25
18 14 25
18 13 25
18 12 25
18 11 25
18 10 25
17 10 25
17 9 25
16 9 25
16 8 25
15 8 25
14 8 25
14 9 25
13 9 25
13 10 25
12 10 25
12 11 25
12 12 25
12 13 25
12 14 25
12 15 25
12 16 25
12 17 25
12 18 25
12 19 25
12 20 25
12 21 25
12 22 25
12 23 25
12 24 25
12 25 25
12 26 25
12 27 25
11 27 25
10 27 25
9 27 25
9 28 25
9 28 26
10 28 26
11 28 26
12 28 26
12 27 26
12 26 26
12 25 26
12 24 26
12 23 26
13 23 26
13 22 26
13 21 26
13 20 26
13 19 26
13 18 26
13 17 26
13 16 26
13 15 26
13 14 26
12 14 26
12 13 26
13 13 26
14 13 26
14 14 26
14 15 26
14 16 26
14 17 26
14 18 26
14 19 26
14 20 26
14 21 26
14 22 26
14 23 26
14 24 26
13 24 26
13 25 26
14 25 26
15 25 26
16 25 26
16 26 26
16 27 26
16 28 26
16 29 26
15 29 26
14 29 26
14 28 26
14 27 26
14 26 26
13 26 26
13 27 26
13 28 26
13 29 26
13 30 26
14 30 26
14 31 26
15 31 26
16 31 26
16 30 26
17 30 26
17 29 26
17 28 26
17 27 26
17 26 26
17 25 26
17 24 26
16 24 26
16 23 26
16 22 26
16 21 26
16 20 26
16 19 26
16 18 26
16 17 26
16 16 26
16 15 26
16 14 26
16 13 26
17 13 26
17 12 26
16 12 26
16 11 26
15 11 26
14 11 26
14 12 26
13 12 26
12 12 26
12 11 26
13 11 26
13 10 26
14 10 26
14 9 26
15 9 26
16 9 26
16 10 26
17 10 26
17 11 26
18 11 26
18 12 26
18 13 26
18 14 26
17 14 26
17 15 26
17 16 26
17 17 26
17 18 26
17 19 26
17 20 26
17 21 26
17 22 26
17 23 26
18 23 26
18 24 26
18 25 26
18 26 26
18 27 26
18 28 26
18 29 26
18 30 26
18 31 26
17 31 26
17 32 26
16 32 26
16 33 26
16 34 26
16 35 26
15 35 26
14 35 26
14 34 26
14 33 26
14 32 26
13 32 26
13 31 26
12 31 26
12 30 26
12 29 26
11 29 26
10 29 26
10 30 26
11 30 26
11 31 26
11 32 26
12 32 26
12 33 26
13 33 26
13 34 26
13 35 26
13 36 26
14 36 26
14 37 26
15 37 26
15 38 26
16 38 26
16 37 26
16 36 26
17 36 26
17 35 26
17 34 26
17 33 26
18 33 26
18 32 26
19 32 26
19 31 26
19 30 26
19 29 26
20 29 26
20 28 26
20 27 26
19 27 26
19 26 26
19 25 26
19 24 26
19 23 26
19 22 26
18 22 26
18 21 26
18 20 26
18 19 26
18 18 26
18 17 26
18 16 26
18 15 26
19 15 26
19 14 26
19 13 26
19 12 26
19 11 26
19 10 26
18 10 26
18 9 26
17 9 26
17 8 26
16 8 26
16 7 26
15 7 26
14 7 26
14 8 26
13 8 26
13 9 26
12 9 26
12 10 26
11 10 26
11 11 26
11 12 26
11 13 26
11 14 26
11 15 26
12 15 26
12 16 26
12 17 26
12 18 26
12 19 26
12 20 26
12 21 26
12 22 26
11 22 26
11 23 26
11 24 26
11 25 26
11 26 26
11 27 26
10 27 26
9 27 26
9 26 26
9 26 27
9 27 27
9 28 27
10 28 27
10 29 27
10 30 27
10 31 27
10 32 27
10 33 27
11 33 27
11 34 27
11 35 27
12 35 27
12 36 27
12 37 27
13 37 27
13 38 27
13 39 27
14 39 27
14 40 27
15 40 27
16 40 27
16 39 27
17 39 27
17 38 27
18 38 27
18 37 27
18 36 27
18 35 27
19 35 27
19 34 27
19 33 27
19 32 27
20 32 27
20 31 27
20 30 27
20 29 27
20 28 27
20 27 27
21 27 27
21 26 27
20 26 27
20 25 27
20 24 27
20 23 27
19 23 27
19 22 27
19 21 27
19 20 27
19 19 27
19 18 27
19 17 27
19 16 27
20 16 27
20 15 27
20 14 27
20 13 27
20 12 27
20 11 27
20 10 27
19 10 27
19 9 27
18 9 27
18 8 27
18 7 27
17 7 27
17 6 27
16 6 27
16 5 27
16 4 27
16 3 27
16 2 27
15 2 27
14 2 27
14 3 27
14 4 27
14 5 27
14 6 27
13 6 27
13 7 27
12 7 27
12 8 27
12 9 27
11 9 27
11 10 27
11 11 27
10 11 27
10 12 27
11 12 27
12 12 27
12 11 27
12 10 27
13 10 27
13 9 27
13 8 27
14 8 27
14 7 27
15 7 27
16 7 27
16 8 27
17 8 27
17 9 27
17 10 27
18 10 27
18 11 27
19 11 27
19 12 27
19 13 27
19 14 27
19 15 27
18 15 27
18 16 27
18 17 27
18 18 27
18 19 27
18 20 27
18 21 27
18 22 27
18 23 27
18 24 27
19 24 27
19 25 27
19 26 27
19 27 27
19 28 27
19 29 27
19 30 27
19 31 27
18 31 27
18 32 27
18 33 27
18 34 27
17 34 27
17 35 27
17 36 27
17 37 27
16 37 27
16 38 27
15 38 27
14 38 27
14 37 27
14 36 27
13 36 27
13 35 27
13 34 27
12 34 27
12 33 27
12 32 27
11 32 27
11 31 27
11 30 27
11 29 27
11 28 27
11 27 27
11 26 27
11 25 27
11 24 27
11 23 27
12 23 27
12 22 27
12 21 27
12 20 27
12 19 27
12 18 27
12 17 27
12 16 27
12 15 27
11 15 27
11 14 27
12 14 27
13 14 27
13 15 27
13 16 27
13 17 27
13 18 27
13 19 27
13 20 27
13 21 27
13 22 27
13 23 27
13 24 27
12 24 27
12 25 27
13 25 27
14 25 27
14 24 27
14 23 27
14 22 27
14 21 27
14 20 27
14 19 27
14 18 27
14 17 27
14 16 27
14 15 27
14 14 27
14 13 27
14 12 27
15 12 27
16 12 27
16 13 27
16 14 27
16 15 27
16 16 27
16 17 27
16 18 27
16 19 27
16 20 27
16 21 27
16 22 27
16 23 27
16 24 27
16 25 27
16 26 27
17 26 27
17 27 27
17 28 27
17 29 27
16 29 27
16 30 27
16 31 27
16 32 27
15 32 27
14 32 27
14 31 27
14 30 27
13 30 27
13 29 27
13 28 27
13 27 27
14 27 27
14 28 27
14 29 27
15 29 27
15 28 27
16 28 27
16 27 27
15 27 27
15 26 27
14 26 27
13 26 27
12 26 27
12 27 27
12 28 27
12 29 27
12 30 27
12 31 27
13 31 27
13 32 27
13 33 27
14 33 27
14 34 27
14 35 27
15 35 27
15 36 27
16 36 27
16 35 27
16 34 27
16 33 27
17 33 27
17 32 27
17 31 27
17 30 27
18 30 27
18 29 27
18 28 27
18 27 27
18 26 27
18 25 27
17 25 27
17 24 27
17 23 27
17 22 27
17 21 27
17 20 27
17 19 27
17 18 27
17 17 27
17 16 27
17 15 27
17 14 27
18 14 27
18 13 27
18 12 27
17 12 27
17 11 27
16 11 27
16 10 27
16 9 27
15 9 27
14 9 27
14 10 27
14 11 27
13 11 27
13 12 27
13 13 27
12 13 27
11 13 27
10 13 27
10 13 28
11 13 28
11 12 28
11 11 28
11 10 28
11 9 28
12 9 28
12 8 28
13 8 28
13 7 28
14 7 28
14 6 28
14 5 28
15 5 28
16 5 28
16 6 28
16 7 28
17 7 28
17 8 28
18 8 28
18 9 28
19 9 28
19 10 28
19 11 28
19 12 28
19 13 28
20 13 28
20 14 28
20 15 28
19 15 28
19 16 28
19 17 28
19 18 28
19 19 28
19 20 28
19 21 28
19 22 28
19 23 28
19 24 28
19 25 28
20 25 28
20 26 28
20 27 28
20 28 28
20 29 28
20 30 28
20 31 28
19 31 28
19 32 28
19 33 28
19 34 28
19 35 28
19 36 28
18 36 28
18 37 28
18 38 28
17 38 28
17 39 28
17 40 28
16 40 28
15 40 28
14 40 28
14 39 28
13 39 28
13 38 28
12 38 28
12 37 28
12 36 28
11 36 28
11 35 28
11 34 28
11 33 28
11 32 28
11 31 28
10 31 28
10 30 28
10 29 28
10 28 28
10 27 28
10 26 28
10 26 29
10 27 29
10 28 29
11 28 29
11 29 29
11 30 29
11 31 29
11 32 29
11 33 29
11 34 29
11 35 29
11 36 29
11 37 29
12 37 29
12 38 29
13 38 29
13 39 29
13 40 29
14 40 29
15 40 29
16 40 29
17 40 29
17 39 29
17 38 29
18 38 29
18 37 29
18 36 29
19 36 29
19 35 29
18 35 29
18 34 29
18 33 29
19 33 29
19 32 29
19 31 29
19 30 29
19 29 29
19 28 29
19 27 29
19 26 29
19 25 29
19 24 29
19 23 29
19 22 29
18 22 29
18 21 29
18 20 29
18 19 29
18 18 29
18 17 29
18 16 29
19 16 29
19 15 29
19 14 29
19 13 29
19 12 29
19 11 29
19 10 29
18 10 29
18 9 29
17 9 29
17 8 29
16 8 29
16 7 29
15 7 29
14 7 29
14 8 29
13 8 29
13 9 29
12 9 29
12 10 29
11 10 29
11 11 29
12 11 29
13 11 29
13 10 29
14 10 29
14 9 29
15 9 29
16 9 29
16 10 29
17 10 29
17 11 29
18 11 29
18 12 29
18 13 29
18 14 29
18 15 29
17 15 29
17 16 29
17 17 29
17 18 29
17 19 29
17 20 29
17 21 29
17 22 29
17 23 29
18 23 29
18 24 29
18 25 29
18 26 29
18 27 29
18 28 29
18 29 29
18 30 29
18 31 29
18 32 29
17 32 29
17 33 29
17 34 29
17 35 29
17 36 29
17 37 29
16 37 29
16 38 29
16 39 29
15 39 29
14 39 29
14 38 29
14 37 29
13 37 29
13 36 29
12 36 29
12 35 29
12 34 29
12 33 29
12 32 29
12 31 29
12 30 29
12 29 29
12 28 29
12 27 29
12 26 29
12 25 29
12 24 29
12 23 29
13 23 29
13 22 29
13 21 29
13 20 29
13 19 29
13 18 29
13 17 29
13 16 29
13 15 29
12 15 29
12 14 29
12 13 29
13 13 29
13 14 29
14 14 29
14 15 29
14 16 29
14 17 29
14 18 29
14 19 29
14 20 29
14 21 29
14 22 29
14 23 29
14 24 29
13 24 29
13 25 29
14 25 29
15 25 29
16 25 29
16 26 29
16 27 29
16 28 29
16 29 29
16 30 29
15 30 29
15 31 29
15 32 29
15 33 29
15 34 29
14 34 29
14 33 29
14 32 29
14 31 29
14 30 29
14 29 29
14 28 29
14 27 29
14 26 29
13 26 29
13 27 29
13 28 29
13 29 29
13 30 29
13 31 29
13 32 29
13 33 29
13 34 29
13 35 29
14 35 29
14 36 29
15 36 29
16 36 29
16 35 29
16 34 29
16 33 29
16 32 29
16 31 29
17 31 29
17 30 29
17 29 29
17 28 29
17 27 29
17 26 29
17 25 29
17 24 29
16 24 29
16 23 29
16 22 29
16 21 29
16 20 29
16 19 29
16 18 29
16 17 29
16 16 29
16 15 29
16 14 29
17 14 29
17 13 29
17 12 29
16 12 29
16 11 29
15 11 29
14 11 29
14 12 29
13 12 29
12 12 29
11 12 29
11 13 29
11 13 30
12 13 30
12 12 30
12 11 30
12 10 30
13 10 30
13 9 30
14 9 30
14 8 30
15 8 30
16 8 30
16 9 30
17 9 30
17 10 30
18 10 30
18 11 30
18 12 30
18 13 30
19 13 30
19 14 30
19 15 30
18 15 30
18 16 30
17 16 30
17 17 30
17 18 30
17 19 30
17 20 30
17 21 30
17 22 30
18 22 30
18 23 30
18 24 30
18 25 30
19 25 30
19 26 30
19 27 30
19 28 30
19 29 30
19 30 30
18 30 30
18 31 30
18 32 30
18 33 30
18 34 30
18 35 30
19 35 30
19 36 30
18 36 30
18 37 30
18 38 30
17 38 30
17 39 30
17 40 30
16 40 30
15 40 30
14 40 30
13 40 30
13 39 30
13 38 30
12 38 30
12 37 30
11 37 30
11 36 30
11 35 30
12 35 30
12 34 30
12 33 30
12 32 30
12 31 30
11 31 30
11 30 30
11 29 30
11 28 30
11 27 30
12 27 30
12 27 31
12 28 31
12 29 31
12 30 31
12 31 31
12 32 31
12 33 31
12 33 32
13 33 32
13 32 32
13 31 32
13 30 32
14 30 32
14 29 32
14 28 32
14 27 32
14 26 32
15 26 32
15 27 32
16 27 32
16 28 32
16 29 32
16 30 32
17 30 32
17 31 32
17 32 32
17 33 32
18 33 32
18 34 32
18 35 32
18 36 32
18 37 32
18 38 32
17 38 32
17 39 32
17 40 32
16 40 32
16 41 32
15 41 32
14 41 32
14 40 32
13 40 32
13 39 32
13 38 32
12 38 32
12 37 32
12 37 33
12 37 34
12 36 34
13 36 34
14 36 34
14 37 34
14 38 34
14 39 34
14 40 34
14 41 34
14 42 34
15 42 34
15 41 34
16 41 34
16 40 34
16 39 34
16 38 34
16 37 34
16 36 34
16 35 34
15 35 34
14 35 34
13 35 34
13 34 34
13 34 35
13 35 35
14 35 35
15 35 35
16 35 35
16 36 35
16 37 35
16 38 35
16 39 35
16 40 35
16 41 35
16 42 35
16 43 35
15 43 35
14 43 35
14 42 35
14 41 35
14 40 35
14 39 35
14 38 35
14 37 35
14 36 35
13 36 35
13 36 36
13 35 36
14 35 36
14 34 36
15 34 36
16 34 36
16 35 36
17 35 36
17 36 36
17 37 36
17 38 36
17 39 36
18 39 36
18 40 36
18 41 36
17 41 36
17 42 36
17 43 36
17 44 36
16 44 36
16 45 36
16 46 36
16 47 36
15 47 36
14 47 36
14 46 36
14 45 36
14 44 36
13 44 36
13 43 36
13 42 36
13 41 36
12 41 36
12 40 36
13 40 36
14 40 36
14 41 36
14 42 36
14 43 36
15 43 36
16 43 36
16 42 36
16 41 36
16 40 36
16 39 36
16 38 36
16 37 36
16 36 36
15 36 36
14 36 36
14 37 36
14 38 36
14 39 36
13 39 36
12 39 36
12 38 36
12 38 37
12 38 38
13 38 38
13 37 38
13 36 38
14 36 38
15 36 38
16 36 38
17 36 38
17 37 38
17 38 38
18 38 38
18 39 38
18 40 38
18 41 38
18 42 38
17 42 38
17 43 38
16 43 38
16 44 38
16 45 38
15 45 38
14 45 38
14 44 38
14 43 38
13 43 38
13 42 38
12 42 38
12 41 38
12 40 38
12 40 39
12 41 39
12 42 39
13 42 39
13 43 39
14 43 39
14 44 39
15 44 39
16 44 39
16 43 39
17 43 39
17 42 39
18 42 39
18 41 39
18 40 39
18 39 39
19 39 39
19 38 39
18 38 39
18 37 39
17 37 39
16 37 39
16 36 39
15 36 39
14 36 39
14 37 39
13 37 39
12 37 39
12 38 39
11 38 39
11 39 39
11 39 40
10 39 40
10 38 40
10 37 40
10 37 41
9 37 41
9 37 42
9 37 43
8 37 43
8 37 44
9 37 44
10 37 44
10 36 44
10 36 45
10 37 45
11 37 45
12 37 45
13 37 45
14 37 45
14 36 45
13 36 45
12 36 45
11 36 45
11 35 45
11 34 45
10 34 45
10 34 46
10 33 46
10 32 46
10 32 47
10 32 48
10 31 48
11 31 48
11 32 48
11 33 48
10 33 48
10 33 47
10 34 47
11 34 47
11 33 47
11 32 47
11 32 46
11 33 46
11 34 46
11 35 46
11 36 46
11 36 47
11 37 47
12 37 47
13 37 47
13 36 47
13 35 47
12 35 47
12 35 48
13 35 48
13 36 48
12 36 48
12 36 47
12 36 46
12 37 46
11 37 46
10 37 46
10 36 46
10 35 46
10 35 45
10 35 44
11 35 44
11 36 44
12 36 44
13 36 44
13 37 44
14 37 44
14 38 44
13 38 44
13 39 44
13 40 44
13 41 44
12 41 44
12 42 44
11 42 44
10 42 44
9 42 44
8 42 44
7 42 44
7 41 44
8 41 44
9 41 44
9 40 44
9 40 45
8 40 45
8 39 45
7 39 45
7 40 45
7 41 45
6 41 45
5 41 45
4 41 45
4 42 45
4 42 46
3 42 46
3 41 46
3 40 46
3 40 47
2 40 47
2 40 48
2 39 48
3 39 48
3 40 48
3 41 48
4 41 48
5 41 48
5 42 48
4 42 48
3 42 48
2 42 48
2 42 49
3 42 49
4 42 49
4 41 49
3 41 49
3 40 49
3 40 50
3 41 50
2 41 50
1 41 50
1 40 50
1 40 51
1 40 52
1 40 53
2 40 53
2 39 53
1 39 53
1 39 52
1 38 52
2 38 52
2 39 52
2 40 52
2 41 52
1 41 52
1 41 51
2 41 51
2 40 51
2 40 50
2 40 49
2 41 49
2 41 48
2 41 47
3 41 47
3 42 47
4 42 47
5 42 47
5 43 47
6 43 47
6 43 48
6 43 49
5 43 49
5 43 50
6 43 50
7 43 50
7 44 50
8 44 50
8 45 50
7 45 50
6 45 50
6 44 50
5 44 50
5 44 49
6 44 49
7 44 49
7 45 49
8 45 49
8 44 49
8 43 49
7 43 49
7 43 48
8 43 48
8 44 48
7 44 48
6 44 48
6 44 47
7 44 47
8 44 47
8 43 47
8 42 47
9 42 47
10 42 47
10 42 48
10 41 48
10 41 49
10 42 49
11 42 49
11 41 49
11 41 48
11 42 48
11 42 47
11 41 47
10 41 47
9 41 47
8 41 47
7 41 47
6 41 47
5 41 47
4 41 47
4 40 47
4 40 46
4 41 46
5 41 46
6 41 46
7 41 46
7 40 46
7 39 46
8 39 46
8 40 46
8 41 46
9 41 46
9 42 46
8 42 46
8 43 46
8 44 46
7 44 46
7 43 46
6 43 46
5 43 46
5 42 46
5 42 45
6 42 45
6 43 45
7 43 45
8 43 45
8 42 45
9 42 45
10 42 45
11 42 45
12 42 45
12 41 45
12 40 45
11 40 45
10 40 45
10 40 44
10 39 44
11 39 44
11 40 44
12 40 44
12 39 44
12 38 44
12 37 44
11 37 44
11 38 44
10 38 44
9 38 44
8 38 44
8 38 43
9 38 43
10 38 43
11 38 43
12 38 43
13 38 43
13 39 43
13 40 43
13 41 43
12 41 43
11 41 43
11 40 43
11 39 43
10 39 43
10 40 43
10 41 43
10 42 43
11 42 43
12 42 43
13 42 43
13 43 43
13 43 44
14 43 44
14 44 44
13 44 44
13 44 43
14 44 43
14 43 43
14 42 43
14 41 43
14 40 43
14 39 43
14 38 43
14 37 43
13 37 43
12 37 43
12 36 43
11 36 43
11 37 43
10 37 43
10 37 42
11 37 42
12 37 42
13 37 42
13 38 42
14 38 42
14 39 42
14 40 42
14 41 42
14 42 42
14 43 42
13 43 42
13 42 42
12 42 42
11 42 42
10 42 42
10 41 42
11 41 42
11 40 42
12 40 42
12 41 42
13 41 42
13 40 42
13 39 42
12 39 42
11 39 42
10 39 42
9 39 42
9 38 42
9 38 41
9 39 41
10 39 41
11 39 41
12 39 41
13 39 41
14 39 41
15 39 41
16 39 41
16 39 42
16 38 42
17 38 42
17 37 42
18 37 42
19 37 42
20 37 42
21 37 42
22 37 42
22 38 42
21 38 42
21 39 42
20 39 42
19 39 42
19 40 42
19 41 42
20 41 42
20 42 42
19 42 42
18 42 42
17 42 42
17 43 42
16 43 42
16 42 42
16 41 42
16 41 43
16 42 43
16 43 43
16 43 44
17 43 44
17 44 44
16 44 44
16 44 43
17 44 43
17 43 43
17 42 43
18 42 43
19 42 43
20 42 43
20 41 43
20 40 43
20 39 43
20 38 43
21 38 43
22 38 43
22 37 43
21 37 43
20 37 43
19 37 43
19 36 43
18 36 43
18 37 43
17 37 43
16 37 43
16 37 44
17 37 44
17 36 44
17 36 45
16 36 45
16 37 45
17 37 45
18 37 45
18 37 46
18 37 47
17 37 47
17 36 47
17 35 47
17 35 48
17 36 48
18 36 48
18 35 48
18 35 47
18 36 47
18 36 46
19 36 46
19 35 46
19 34 46
19 33 46
19 32 46
19 32 47
19 33 47
19 34 47
20 34 47
20 33 47
20 32 47
20 32 46
20 33 46
20 34 46
20 35 46
20 36 46
20 37 46
19 37 46
19 37 45
20 37 45
20 36 45
20 35 45
20 34 45
19 34 45
19 35 45
19 36 45
18 36 45
18 36 44
19 36 44
19 35 44
20 35 44
20 36 44
20 37 44
21 37 44
22 37 44
22 38 44
21 38 44
20 38 44
20 39 44
20 40 44
21 40 44
21 41 44
22 41 44
23 41 44
23 42 44
22 42 44
21 42 44
20 42 44
19 42 44
18 42 44
18 41 44
17 41 44
17 40 44
17 39 44
18 39 44
18 40 44
18 40 45
18 41 45
18 42 45
19 42 45
20 42 45
20 42 46
20 42 47
19 42 47
19 41 47
19 41 48
19 41 49
20 41 49
20 42 49
19 42 49
19 42 48
20 42 48
20 41 48
20 41 47
20 41 46
21 41 46
22 41 46
22 40 46
22 39 46
23 39 46
23 38 46
23 37 46
23 36 46
24 36 46
24 37 46
24 38 46
24 39 46
24 40 46
24 41 46
25 41 46
26 41 46
26 40 46
27 40 46
27 41 46
27 42 46
26 42 46
25 42 46
25 43 46
24 43 46
23 43 46
23 44 46
22 44 46
22 44 47
22 44 48
22 43 48
22 43 49
22 44 49
22 44 50
23 44 50
23 43 50
24 43 50
24 43 51
24 44 51
25 44 51
25 43 51
25 43 50
25 44 50
24 44 50
24 45 50
23 45 50
22 45 50
22 45 49
23 45 49
23 44 49
24 44 49
25 44 49
25 43 49
24 43 49
23 43 49
23 43 48
24 43 48
24 44 48
23 44 48
23 44 47
24 44 47
24 43 47
25 43 47
25 42 47
25 42 48
25 41 48
26 41 48
26 41 49
26 42 49
27 42 49
27 42 50
27 41 50
27 40 50
28 40 50
28 40 51
29 40 51
29 40 52
29 39 52
29 38 52
28 38 52
28 38 53
29 38 53
29 39 53
