30 4 14
29 4 14
28 4 14
27 4 14
26 4 14
25 4 14
24 4 14
23 4 14
22 4 14
21 4 14
20 4 14
19 4 14
18 4 14
17 4 14
16 4 14
15 4 14
14 4 14
13 4 14
12 4 14
11 4 14
10 4 14
9 4 14
8 4 14
7 4 14
6 4 14
5 4 14
4 4 14
3 4 14
2 4 14
1 4 14
1 3 14
2 3 14
3 3 14
4 3 14
5 3 14
6 3 14
7 3 14
8 3 14
9 3 14
10 3 14
11 3 14
12 3 14
13 3 14
14 3 14
15 3 14
16 3 14
17 3 14
18 3 14
19 3 14
20 3 14
21 3 14
22 3 14
23 3 14
24 3 14
25 3 14
26 3 14
27 3 14
28 3 14
29 3 14
29 2 14
28 2 14
27 2 14
26 2 14
25 2 14
24 2 14
23 2 14
22 2 14
21 2 14
20 2 14
19 2 14
18 2 14
17 2 14
16 2 14
15 2 14
14 2 14
13 2 14
12 2 14
11 2 14
10 2 14
9 2 14
8 2 14
7 2 14
6 2 14
5 2 14
4 2 14
3 2 14
2 2 14
1 2 14
1 2 13
2 2 13
3 2 13
4 2 13
5 2 13
6 2 13
7 2 13
8 2 13
9 2 13
10 2 13
11 2 13
12 2 13
13 2 13
14 2 13
15 2 13
16 2 13
17 2 13
18 2 13
19 2 13
20 2 13
21 2 13
22 2 13
23 2 13
24 2 13
25 2 13
26 2 13
27 2 13
28 2 13
29 2 13
29 3 13
28 3 13
27 3 13
26 3 13
25 3 13
24 3 13
23 3 13
22 3 13
21 3 13
20 3 13
19 3 13
18 3 13
17 3 13
16 3 13
15 3 13
14 3 13
13 3 13
12 3 13
11 3 13
10 3 13
9 3 13
8 3 13
7 3 13
6 3 13
5 3 13
4 3 13
3 3 13
2 3 13
1 3 13
1 4 13
2 4 13
3 4 13
4 4 13
5 4 13
6 4 13
7 4 13
8 4 13
9 4 13
10 4 13
11 4 13
12 4 13
13 4 13
14 4 13
15 4 13
16 4 13
17 4 13
18 4 13
19 4 13
20 4 13
21 4 13
22 4 13
23 4 13
24 4 13
25 4 13
26 4 13
27 4 13
28 4 13
29 4 13
30 4 13
30 3 13
30 2 13
30 1 13
29 1 13
28 1 13
27 1 13
26 1 13
25 1 13
24 1 13
23 1 13
22 1 13
21 1 13
20 1 13
19 1 13
18 1 13
17 1 13
16 1 13
15 1 13
14 1 13
13 1 13
12 1 13
11 1 13
10 1 13
9 1 13
8 1 13
7 1 13
6 1 13
5 1 13
4 1 13
3 1 13
2 1 13
2 1 12
3 1 12
4 1 12
5 1 12
6 1 12
7 1 12
8 1 12
9 1 12
10 1 12
11 1 12
12 1 12
13 1 12
14 1 12
15 1 12
16 1 12
17 1 12
18 1 12
19 1 12
20 1 12
21 1 12
22 1 12
23 1 12
24 1 12
25 1 12
26 1 12
27 1 12
28 1 12
29 1 12
30 1 12
30 2 12
30 3 12
30 4 12
29 4 12
28 4 12
27 4 12
26 4 12
25 4 12
24 4 12
23 4 12
22 4 12
21 4 12
20 4 12
19 4 12
18 4 12
17 4 12
16 4 12
15 4 12
14 4 12
13 4 12
12 4 12
11 4 12
10 4 12
9 4 12
8 4 12
7 4 12
6 4 12
5 4 12
4 4 12
3 4 12
2 4 12
1 4 12
1 3 12
2 3 12
3 3 12
4 3 12
5 3 12
6 3 12
7 3 12
8 3 12
9 3 12
10 3 12
11 3 12
12 3 12
13 3 12
14 3 12
15 3 12
16 3 12
17 3 12
18 3 12
19 3 12
20 3 12
21 3 12
22 3 12
23 3 12
24 3 12
25 3 12
26 3 12
27 3 12
28 3 12
29 3 12
29 2 12
28 2 12
27 2 12
26 2 12
25 2 12
24 2 12
23 2 12
22 2 12
21 2 12
20 2 12
19 2 12
18 2 12
17 2 12
16 2 12
15 2 12
14 2 12
13 2 12
12 2 12
11 2 12
10 2 12
9 2 12
8 2 12
7 2 12
6 2 12
5 2 12
4 2 12
3 2 12
2 2 12
1 2 12
1 2 11
2 2 11
3 2 11
4 2 11
5 2 11
6 2 11
7 2 11
8 2 11
9 2 11
10 2 11
11 2 11
12 2 11
13 2 11
14 2 11
15 2 11
16 2 11
17 2 11
18 2 11
19 2 11
20 2 11
21 2 11
22 2 11
23 2 11
24 2 11
25 2 11
26 2 11
27 2 11
28 2 11
29 2 11
29 3 11
28 3 11
27 3 11
26 3 11
25 3 11
24 3 11
23 3 11
22 3 11
21 3 11
20 3 11
19 3 11
18 3 11
17 3 11
16 3 11
15 3 11
14 3 11
13 3 11
12 3 11
11 3 11
10 3 11
9 3 11
8 3 11
7 3 11
6 3 11
5 3 11
4 3 11
3 3 11
2 3 11
1 3 11
1 4 11
2 4 11
3 4 11
4 4 11
5 4 11
6 4 11
7 4 11
8 4 11
9 4 11
10 4 11
11 4 11
12 4 11
13 4 11
14 4 11
15 4 11
16 4 11
17 4 11
18 4 11
19 4 11
20 4 11
21 4 11
22 4 11
23 4 11
24 4 11
25 4 11
26 4 11
27 4 11
28 4 11
29 4 11
30 4 11
30 3 11
30 2 11
30 1 11
29 1 11
28 1 11
27 1 11
26 1 11
25 1 11
24 1 11
23 1 11
22 1 11
21 1 11
20 1 11
19 1 11
18 1 11
17 1 11
16 1 11
15 1 11
14 1 11
13 1 11
12 1 11
11 1 11
10 1 11
9 1 11
8 1 11
7 1 11
6 1 11
5 1 11
4 1 11
3 1 11
2 1 11
2 1 10
3 1 10
4 1 10
5 1 10
6 1 10
7 1 10
8 1 10
9 1 10
10 1 10
11 1 10
12 1 10
13 1 10
14 1 10
15 1 10
16 1 10
17 1 10
18 1 10
19 1 10
20 1 10
21 1 10
22 1 10
23 1 10
24 1 10
25 1 10
26 1 10
27 1 10
28 1 10
29 1 10
30 1 10
30 2 10
30 3 10
30 4 10
29 4 10
28 4 10
27 4 10
26 4 10
25 4 10
24 4 10
23 4 10
22 4 10
21 4 10
20 4 10
19 4 10
18 4 10
17 4 10
16 4 10
15 4 10
14 4 10
13 4 10
12 4 10
11 4 10
10 4 10
9 4 10
8 4 10
7 4 10
6 4 10
5 4 10
4 4 10
3 4 10
2 4 10
1 4 10
1 3 10
2 3 10
3 3 10
4 3 10
5 3 10
6 3 10
7 3 10
8 3 10
9 3 10
10 3 10
11 3 10
12 3 10
13 3 10
14 3 10
15 3 10
16 3 10
17 3 10
18 3 10
19 3 10
20 3 10
21 3 10
22 3 10
23 3 10
24 3 10
25 3 10
26 3 10
27 3 10
28 3 10
29 3 10
29 2 10
28 2 10
27 2 10
26 2 10
25 2 10
24 2 10
23 2 10
22 2 10
21 2 10
20 2 10
19 2 10
18 2 10
17 2 10
16 2 10
15 2 10
14 2 10
13 2 10
12 2 10
11 2 10
10 2 10
9 2 10
8 2 10
7 2 10
6 2 10
5 2 10
4 2 10
3 2 10
2 2 10
1 2 10
1 2 9
2 2 9
3 2 9
4 2 9
4 3 9
3 3 9
2 3 9
1 3 9
1 4 9
2 4 9
3 4 9
4 4 9
5 4 9
5 3 9
5 2 9
5 1 9
4 1 9
3 1 9
2 1 9
2 1 8
3 1 8
4 1 8
5 1 8
5 2 8
5 3 8
5 4 8
4 4 8
3 4 8
2 4 8
1 4 8
1 3 8
2 3 8
3 3 8
4 3 8
4 2 8
3 2 8
2 2 8
1 2 8
1 2 7
2 2 7
3 2 7
4 2 7
4 3 7
3 3 7
2 3 7
1 3 7
1 4 7
2 4 7
3 4 7
4 4 7
5 4 7
5 3 7
5 2 7
5 1 7
4 1 7
3 1 7
2 1 7
2 1 6
3 1 6
4 1 6
5 1 6
5 2 6
5 3 6
5 4 6
4 4 6
3 4 6
2 4 6
1 4 6
1 3 6
2 3 6
3 3 6
4 3 6
4 2 6
3 2 6
2 2 6
1 2 6
1 2 5
2 2 5
3 2 5
4 2 5
4 3 5
3 3 5
2 3 5
1 3 5
1 4 5
2 4 5
3 4 5
4 4 5
5 4 5
5 3 5
5 2 5
5 1 5
4 1 5
3 1 5
2 1 5
2 1 4
3 1 4
4 1 4
5 1 4
6 1 4
7 1 4
8 1 4
9 1 4
10 1 4
11 1 4
12 1 4
13 1 4
13 1 5
13 1 6
13 1 7
13 1 8
13 1 9
13 2 9
14 2 9
15 2 9
16 2 9
17 2 9
17 3 9
16 3 9
15 3 9
14 3 9
13 3 9
13 4 9
14 4 9
15 4 9
16 4 9
17 4 9
18 4 9
18 3 9
18 2 9
18 1 9
17 1 9
16 1 9
15 1 9
14 1 9
14 1 8
15 1 8
16 1 8
17 1 8
18 1 8
18 2 8
18 3 8
18 4 8
17 4 8
16 4 8
15 4 8
14 4 8
13 4 8
13 3 8
14 3 8
15 3 8
16 3 8
17 3 8
17 2 8
16 2 8
15 2 8
14 2 8
13 2 8
13 2 7
14 2 7
15 2 7
16 2 7
17 2 7
17 3 7
16 3 7
15 3 7
14 3 7
13 3 7
13 4 7
14 4 7
15 4 7
16 4 7
17 4 7
18 4 7
18 3 7
18 2 7
18 1 7
17 1 7
16 1 7
15 1 7
14 1 7
14 1 6
15 1 6
16 1 6
17 1 6
18 1 6
18 2 6
18 3 6
18 4 6
17 4 6
16 4 6
15 4 6
14 4 6
13 4 6
13 3 6
14 3 6
15 3 6
16 3 6
17 3 6
17 2 6
16 2 6
15 2 6
14 2 6
13 2 6
13 2 5
14 2 5
15 2 5
16 2 5
17 2 5
17 3 5
16 3 5
15 3 5
14 3 5
13 3 5
13 4 5
14 4 5
15 4 5
16 4 5
17 4 5
18 4 5
18 3 5
18 2 5
18 1 5
17 1 5
16 1 5
15 1 5
14 1 5
14 1 4
15 1 4
16 1 4
17 1 4
18 1 4
19 1 4
20 1 4
21 1 4
22 1 4
23 1 4
24 1 4
25 1 4
26 1 4
26 1 5
26 1 6
26 1 7
26 1 8
26 1 9
26 2 9
27 2 9
28 2 9
29 2 9
29 3 9
28 3 9
27 3 9
26 3 9
26 4 9
27 4 9
28 4 9
29 4 9
30 4 9
30 3 9
30 2 9
30 1 9
29 1 9
28 1 9
27 1 9
27 1 8
28 1 8
29 1 8
30 1 8
30 2 8
30 3 8
30 4 8
29 4 8
28 4 8
27 4 8
26 4 8
26 3 8
27 3 8
28 3 8
29 3 8
29 2 8
28 2 8
27 2 8
26 2 8
26 2 7
27 2 7
28 2 7
29 2 7
29 3 7
28 3 7
27 3 7
26 3 7
26 4 7
27 4 7
28 4 7
29 4 7
30 4 7
30 3 7
30 2 7
30 1 7
29 1 7
28 1 7
27 1 7
27 1 6
28 1 6
29 1 6
30 1 6
30 2 6
30 3 6
30 4 6
29 4 6
28 4 6
27 4 6
26 4 6
26 3 6
27 3 6
28 3 6
29 3 6
29 2 6
28 2 6
27 2 6
26 2 6
26 2 5
27 2 5
28 2 5
29 2 5
29 3 5
28 3 5
27 3 5
26 3 5
26 4 5
27 4 5
28 4 5
29 4 5
30 4 5
30 3 5
30 2 5
30 1 5
29 1 5
28 1 5
27 1 5
27 1 4
28 1 4
29 1 4
30 1 4
30 2 4
30 3 4
30 4 4
29 4 4
28 4 4
27 4 4
26 4 4
25 4 4
24 4 4
23 4 4
22 4 4
21 4 4
20 4 4
19 4 4
18 4 4
17 4 4
16 4 4
15 4 4
14 4 4
13 4 4
12 4 4
11 4 4
10 4 4
9 4 4
8 4 4
7 4 4
6 4 4
5 4 4
4 4 4
3 4 4
2 4 4
1 4 4
1 3 4
2 3 4
3 3 4
4 3 4
5 3 4
6 3 4
7 3 4
8 3 4
9 3 4
10 3 4
11 3 4
12 3 4
13 3 4
14 3 4
15 3 4
16 3 4
17 3 4
18 3 4
19 3 4
20 3 4
21 3 4
22 3 4
23 3 4
24 3 4
25 3 4
26 3 4
27 3 4
28 3 4
29 3 4
29 2 4
28 2 4
27 2 4
26 2 4
25 2 4
24 2 4
23 2 4
22 2 4
21 2 4
20 2 4
19 2 4
18 2 4
17 2 4
16 2 4
15 2 4
14 2 4
13 2 4
12 2 4
11 2 4
10 2 4
9 2 4
8 2 4
7 2 4
6 2 4
5 2 4
4 2 4
3 2 4
2 2 4
1 2 4
1 2 3
2 2 3
3 2 3
4 2 3
5 2 3
6 2 3
7 2 3
8 2 3
9 2 3
10 2 3
11 2 3
12 2 3
13 2 3
14 2 3
15 2 3
16 2 3
17 2 3
18 2 3
19 2 3
20 2 3
21 2 3
22 2 3
23 2 3
24 2 3
25 2 3
26 2 3
27 2 3
28 2 3
29 2 3
29 3 3
28 3 3
27 3 3
26 3 3
25 3 3
24 3 3
23 3 3
22 3 3
21 3 3
20 3 3
19 3 3
18 3 3
17 3 3
16 3 3
15 3 3
14 3 3
13 3 3
12 3 3
11 3 3
10 3 3
9 3 3
8 3 3
7 3 3
6 3 3
5 3 3
4 3 3
3 3 3
2 3 3
1 3 3
1 4 3
2 4 3
3 4 3
4 4 3
5 4 3
6 4 3
7 4 3
8 4 3
9 4 3
10 4 3
11 4 3
12 4 3
13 4 3
14 4 3
15 4 3
16 4 3
17 4 3
18 4 3
19 4 3
20 4 3
21 4 3
22 4 3
23 4 3
24 4 3
25 4 3
26 4 3
27 4 3
28 4 3
29 4 3
30 4 3
30 3 3
30 2 3
30 1 3
29 1 3
28 1 3
27 1 3
26 1 3
25 1 3
24 1 3
23 1 3
22 1 3
21 1 3
20 1 3
19 1 3
18 1 3
17 1 3
16 1 3
15 1 3
14 1 3
13 1 3
12 1 3
11 1 3
10 1 3
9 1 3
8 1 3
7 1 3
6 1 3
5 1 3
4 1 3
3 1 3
2 1 3
2 1 2
3 1 2
4 1 2
5 1 2
6 1 2
7 1 2
8 1 2
9 1 2
10 1 2
11 1 2
12 1 2
13 1 2
14 1 2
15 1 2
16 1 2
17 1 2
18 1 2
19 1 2
20 1 2
21 1 2
22 1 2
23 1 2
24 1 2
25 1 2
26 1 2
27 1 2
28 1 2
29 1 2
30 1 2
30 2 2
30 3 2
30 4 2
29 4 2
28 4 2
27 4 2
26 4 2
25 4 2
24 4 2
23 4 2
22 4 2
21 4 2
20 4 2
19 4 2
18 4 2
17 4 2
16 4 2
15 4 2
14 4 2
13 4 2
12 4 2
11 4 2
10 4 2
9 4 2
8 4 2
7 4 2
6 4 2
5 4 2
4 4 2
3 4 2
2 4 2
1 4 2
1 3 2
2 3 2
3 3 2
4 3 2
5 3 2
6 3 2
7 3 2
8 3 2
9 3 2
10 3 2
11 3 2
12 3 2
13 3 2
14 3 2
15 3 2
16 3 2
17 3 2
18 3 2
19 3 2
20 3 2
21 3 2
22 3 2
23 3 2
24 3 2
25 3 2
26 3 2
27 3 2
28 3 2
29 3 2
29 2 2
28 2 2
27 2 2
26 2 2
25 2 2
24 2 2
23 2 2
22 2 2
21 2 2
20 2 2
19 2 2
18 2 2
17 2 2
16 2 2
15 2 2
14 2 2
13 2 2
12 2 2
11 2 2
10 2 2
9 2 2
8 2 2
7 2 2
6 2 2
5 2 2
4 2 2
3 2 2
2 2 2
1 2 2
1 2 1
1 3 1
1 4 1
2 4 1
3 4 1
4 4 1
5 4 1
6 4 1
7 4 1
8 4 1
8 3 1
8 2 1
9 2 1
10 2 1
11 2 1
12 2 1
13 2 1
14 2 1
15 2 1
16 2 1
17 2 1
18 2 1
19 2 1
20 2 1
21 2 1
22 2 1
23 2 1
24 2 1
25 2 1
26 2 1
27 2 1
28 2 1
29 2 1
29 3 1
28 3 1
27 3 1
26 3 1
25 3 1
24 3 1
23 3 1
22 3 1
21 3 1
20 3 1
19 3 1
18 3 1
17 3 1
16 3 1
15 3 1
14 3 1
13 3 1
12 3 1
11 3 1
10 3 1
9 3 1
9 4 1
10 4 1
11 4 1
12 4 1
13 4 1
14 4 1
15 4 1
16 4 1
17 4 1
18 4 1
19 4 1
20 4 1
21 4 1
22 4 1
23 4 1
24 4 1
25 4 1
26 4 1
27 4 1
28 4 1
29 4 1
30 4 1
30 3 1
30 2 1
30 1 1
29 1 1
28 1 1
27 1 1
26 1 1
25 1 1
24 1 1
23 1 1
22 1 1
21 1 1
20 1 1
19 1 1
18 1 1
17 1 1
16 1 1
15 1 1
14 1 1
13 1 1
12 1 1
11 1 1
10 1 1
9 1 1
8 1 1
7 1 1
6 1 1
5 1 1
4 1 1
3 1 1
2 1 1
2 1 0
3 1 0
4 1 0
5 1 0
6 1 0
7 1 0
8 1 0
9 1 0
10 1 0
11 1 0
12 1 0
13 1 0
14 1 0
15 1 0
16 1 0
17 1 0
18 1 0
19 1 0
20 1 0
21 1 0
22 1 0
23 1 0
24 1 0
25 1 0
26 1 0
27 1 0
28 1 0
29 1 0
30 1 0
30 2 0
30 3 0
30 4 0
29 4 0
28 4 0
27 4 0
26 4 0
25 4 0
24 4 0
23 4 0
22 4 0
21 4 0
20 4 0
19 4 0
18 4 0
17 4 0
16 4 0
15 4 0
14 4 0
13 4 0
12 4 0
11 4 0
10 4 0
9 4 0
8 4 0
7 4 0
6 4 0
5 4 0
4 4 0
3 4 0
2 4 0
1 4 0
1 3 0
2 3 0
3 3 0
4 3 0
5 3 0
6 3 0
7 3 0
8 3 0
9 3 0
10 3 0
11 3 0
12 3 0
13 3 0
14 3 0
15 3 0
16 3 0
17 3 0
18 3 0
19 3 0
20 3 0
21 3 0
22 3 0
23 3 0
24 3 0
25 3 0
26 3 0
27 3 0
28 3 0
29 3 0
29 2 0
28 2 0
27 2 0
26 2 0
25 2 0
24 2 0
23 2 0
22 2 0
21 2 0
20 2 0
19 2 0
18 2 0
17 2 0
16 2 0
15 2 0
14 2 0
13 2 0
12 2 0
11 2 0
10 2 0
9 2 0
8 2 0
7 2 0
6 2 0
5 2 0
4 2 0
3 2 0
2 2 0
1 2 0
1 1 0
1 1 1
1 1 2
1 1 3
1 1 4
1 1 5
1 1 6
1 1 7
1 1 8
1 1 9
1 1 10
1 1 11
1 1 12
1 1 13
1 1 14
2 1 14
3 1 14
4 1 14
5 1 14
6 1 14
7 1 14
8 1 14
9 1 14
10 1 14
11 1 14
12 1 14
13 1 14
14 1 14
15 1 14
16 1 14
17 1 14
18 1 14
19 1 14
20 1 14
21 1 14
22 1 14
23 1 14
24 1 14
25 1 14
26 1 14
27 1 14
28 1 14
29 1 14
30 1 14
30 2 14
30 3 14
