36 11 31
36 10 31
36 9 31
36 8 31
35 8 31
35 7 31
34 7 31
33 7 31
33 6 31
32 6 31
31 6 31
30 6 31
29 6 31
29 5 31
28 5 31
27 5 31
27 4 31
26 4 31
26 3 31
26 3 30
26 4 30
27 4 30
27 5 30
28 5 30
29 5 30
29 6 30
30 6 30
31 6 30
32 6 30
33 6 30
33 7 30
34 7 30
35 7 30
35 8 30
36 8 30
36 9 30
36 10 30
36 11 30
35 11 30
35 12 30
34 12 30
34 13 30
33 13 30
32 13 30
31 13 30
31 14 30
30 14 30
30 15 30
29 15 30
28 15 30
28 16 30
27 16 30
26 16 30
26 15 30
26 14 30
27 14 30
27 13 30
27 12 30
27 11 30
27 10 30
27 9 30
27 8 30
28 8 30
29 8 30
30 8 30
31 8 30
31 9 30
32 9 30
33 9 30
33 10 30
32 10 30
32 11 30
31 11 30
30 11 30
29 11 30
29 10 30
29 9 30
28 9 30
28 10 30
28 11 30
28 12 30
28 13 30
28 14 30
29 14 30
29 13 30
30 13 30
30 12 30
31 12 30
32 12 30
33 12 30
33 11 30
34 11 30
34 10 30
35 10 30
35 9 30
34 9 30
34 8 30
33 8 30
32 8 30
32 7 30
31 7 30
30 7 30
29 7 30
28 7 30
27 7 30
26 7 30
26 6 30
25 6 30
25 6 29
26 6 29
27 6 29
28 6 29
29 6 29
29 7 29
30 7 29
31 7 29
32 7 29
33 7 29
34 7 29
35 7 29
35 8 29
36 8 29
36 9 29
36 10 29
35 10 29
35 11 29
34 11 29
34 12 29
33 12 29
32 12 29
31 12 29
30 12 29
30 13 29
29 13 29
28 13 29
28 14 29
27 14 29
27 13 29
27 12 29
27 11 29
27 10 29
27 9 29
28 9 29
29 9 29
30 9 29
31 9 29
32 9 29
32 10 29
31 10 29
30 10 29
29 10 29
28 10 29
28 11 29
28 12 29
29 12 29
29 11 29
30 11 29
31 11 29
32 11 29
33 11 29
33 10 29
34 10 29
34 9 29
34 8 29
33 8 29
32 8 29
31 8 29
30 8 29
29 8 29
28 8 29
27 8 29
27 7 29
26 7 29
26 8 29
25 8 29
25 9 29
25 10 29
26 10 29
26 11 29
26 12 29
26 13 29
26 14 29
26 15 29
25 15 29
25 16 29
25 17 29
26 17 29
27 17 29
27 16 29
28 16 29
28 15 29
29 15 29
29 14 29
30 14 29
31 14 29
31 13 29
32 13 29
33 13 29
34 13 29
35 13 29
35 12 29
36 12 29
36 11 29
37 11 29
37 10 29
37 9 29
37 8 29
37 7 29
36 7 29
36 6 29
35 6 29
34 6 29
33 6 29
32 6 29
31 6 29
30 6 29
30 5 29
29 5 29
28 5 29
27 5 29
27 4 29
26 4 29
26 3 29
25 3 29
25 2 29
25 2 28
25 3 28
26 3 28
26 4 28
27 4 28
27 5 28
28 5 28
29 5 28
30 5 28
30 6 28
31 6 28
32 6 28
33 6 28
34 6 28
35 6 28
36 6 28
36 7 28
37 7 28
37 8 28
38 8 28
38 9 28
38 10 28
37 10 28
37 11 28
37 12 28
36 12 28
35 12 28
35 13 28
34 13 28
33 13 28
32 13 28
32 14 28
31 14 28
30 14 28
29 14 28
29 15 28
28 15 28
28 16 28
27 16 28
27 17 28
26 17 28
25 17 28
24 17 28
24 16 28
25 16 28
25 15 28
26 15 28
26 14 28
26 13 28
26 12 28
25 12 28
24 12 28
24 11 28
23 11 28
22 11 28
21 11 28
21 10 28
20 10 28
20 9 28
20 8 28
21 8 28
22 8 28
22 9 28
22 10 28
23 10 28
24 10 28
25 10 28
25 11 28
26 11 28
27 11 28
27 12 28
27 13 28
27 14 28
28 14 28
28 13 28
29 13 28
30 13 28
31 13 28
31 12 28
32 12 28
33 12 28
34 12 28
34 11 28
35 11 28
36 11 28
36 10 28
36 9 28
36 8 28
35 8 28
35 7 28
34 7 28
33 7 28
32 7 28
31 7 28
30 7 28
29 7 28
29 6 28
28 6 28
27 6 28
26 6 28
26 7 28
27 7 28
28 7 28
28 8 28
29 8 28
29 9 28
29 10 28
30 10 28
31 10 28
32 10 28
32 9 28
31 9 28
30 9 28
30 8 28
31 8 28
32 8 28
33 8 28
34 8 28
34 9 28
35 9 28
35 10 28
34 10 28
33 10 28
33 11 28
32 11 28
31 11 28
30 11 28
30 12 28
29 12 28
28 12 28
28 11 28
28 10 28
27 10 28
26 10 28
26 9 28
27 9 28
27 8 28
26 8 28
25 8 28
24 8 28
24 9 28
23 9 28
23 9 27
23 10 27
24 10 27
25 10 27
25 11 27
26 11 27
26 10 27
26 9 27
27 9 27
28 9 27
29 9 27
30 9 27
31 9 27
32 9 27
32 10 27
31 10 27
30 10 27
29 10 27
29 11 27
28 11 27
28 10 27
27 10 27
27 11 27
27 12 27
28 12 27
29 12 27
30 12 27
30 11 27
31 11 27
32 11 27
33 11 27
33 10 27
34 10 27
35 10 27
35 9 27
34 9 27
34 8 27
33 8 27
32 8 27
31 8 27
30 8 27
29 8 27
28 8 27
28 7 27
27 7 27
26 7 27
26 8 27
25 8 27
25 9 27
24 9 27
24 8 27
24 7 27
25 7 27
25 6 27
25 5 27
26 5 27
27 5 27
27 6 27
28 6 27
29 6 27
29 7 27
30 7 27
31 7 27
32 7 27
33 7 27
34 7 27
35 7 27
35 8 27
36 8 27
36 9 27
37 9 27
37 10 27
36 10 27
36 11 27
35 11 27
34 11 27
34 12 27
33 12 27
32 12 27
31 12 27
31 13 27
30 13 27
29 13 27
28 13 27
28 14 27
27 14 27
27 15 27
26 15 27
26 14 27
26 13 27
26 12 27
25 12 27
24 12 27
24 11 27
23 11 27
22 11 27
22 10 27
21 10 27
20 10 27
19 10 27
18 10 27
17 10 27
16 10 27
16 11 27
17 11 27
18 11 27
19 11 27
20 11 27
21 11 27
21 12 27
22 12 27
23 12 27
23 13 27
24 13 27
25 13 27
25 14 27
25 15 27
25 16 27
24 16 27
24 17 27
25 17 27
26 17 27
27 17 27
27 16 27
28 16 27
28 15 27
29 15 27
29 14 27
30 14 27
31 14 27
32 14 27
32 13 27
33 13 27
34 13 27
35 13 27
35 12 27
36 12 27
37 12 27
37 11 27
38 11 27
38 10 27
38 9 27
38 8 27
37 8 27
37 7 27
36 7 27
36 6 27
35 6 27
34 6 27
33 6 27
32 6 27
31 6 27
30 6 27
30 5 27
29 5 27
28 5 27
28 4 27
27 4 27
26 4 27
26 3 27
25 3 27
25 2 27
24 2 27
24 3 27
24 4 27
24 5 27
24 6 27
23 6 27
23 7 27
22 7 27
21 7 27
20 7 27
19 7 27
18 7 27
17 7 27
17 8 27
16 8 27
15 8 27
14 8 27
13 8 27
12 8 27
11 8 27
11 9 27
11 10 27
12 10 27
13 10 27
14 10 27
14 11 27
15 11 27
15 11 26
16 11 26
16 10 26
16 9 26
17 9 26
18 9 26
18 8 26
19 8 26
20 8 26
21 8 26
22 8 26
23 8 26
24 8 26
24 9 26
24 10 26
25 10 26
26 10 26
27 10 26
28 10 26
29 10 26
30 10 26
31 10 26
32 10 26
32 9 26
31 9 26
30 9 26
29 9 26
28 9 26
27 9 26
26 9 26
25 9 26
25 8 26
26 8 26
26 7 26
27 7 26
28 7 26
28 8 26
29 8 26
30 8 26
31 8 26
32 8 26
33 8 26
34 8 26
35 8 26
35 9 26
35 10 26
34 10 26
33 10 26
33 11 26
32 11 26
31 11 26
30 11 26
29 11 26
29 12 26
28 12 26
27 12 26
27 11 26
26 11 26
25 11 26
24 11 26
23 11 26
23 10 26
22 10 26
21 10 26
20 10 26
19 10 26
18 10 26
17 10 26
17 11 26
18 11 26
19 11 26
20 11 26
21 11 26
22 11 26
22 12 26
23 12 26
24 12 26
25 12 26
26 12 26
26 13 26
26 14 26
26 15 26
27 15 26
27 14 26
28 14 26
28 13 26
29 13 26
30 13 26
30 12 26
31 12 26
32 12 26
33 12 26
34 12 26
34 11 26
35 11 26
36 11 26
36 10 26
37 10 26
37 9 26
37 8 26
36 8 26
36 7 26
35 7 26
34 7 26
33 7 26
32 7 26
31 7 26
30 7 26
29 7 26
29 6 26
28 6 26
27 6 26
27 5 26
26 5 26
25 5 26
25 6 26
25 7 26
24 7 26
23 7 26
22 7 26
21 7 26
20 7 26
19 7 26
18 7 26
17 7 26
17 8 26
16 8 26
15 8 26
14 8 26
13 8 26
12 8 26
11 8 26
11 7 26
12 7 26
13 7 26
14 7 26
15 7 26
16 7 26
16 6 26
17 6 26
18 6 26
19 6 26
20 6 26
21 6 26
22 6 26
23 6 26
24 6 26
24 5 26
24 4 26
24 3 26
25 3 26
26 3 26
26 4 26
27 4 26
28 4 26
28 5 26
29 5 26
30 5 26
30 6 26
31 6 26
32 6 26
33 6 26
34 6 26
35 6 26
36 6 26
37 6 26
37 7 26
38 7 26
38 8 26
38 9 26
38 10 26
38 11 26
37 11 26
37 12 26
36 12 26
35 12 26
35 13 26
34 13 26
33 13 26
32 13 26
31 13 26
31 14 26
30 14 26
29 14 26
29 15 26
28 15 26
28 16 26
27 16 26
26 16 26
26 17 26
25 17 26
25 16 26
25 15 26
25 14 26
25 13 26
24 13 26
23 13 26
22 13 26
21 13 26
21 12 26
20 12 26
19 12 26
18 12 26
17 12 26
16 12 26
15 12 26
14 12 26
14 11 26
13 11 26
12 11 26
11 11 26
10 11 26
9 11 26
9 10 26
8 10 26
8 9 26
8 8 26
9 8 26
9 7 26
10 7 26
10 7 25
11 7 25
11 8 25
11 9 25
10 9 25
10 10 25
11 10 25
12 10 25
13 10 25
14 10 25
14 11 25
15 11 25
15 10 25
15 9 25
16 9 25
17 9 25
18 9 25
19 9 25
19 8 25
20 8 25
21 8 25
22 8 25
23 8 25
24 8 25
25 8 25
26 8 25
27 8 25
27 9 25
28 9 25
29 9 25
30 9 25
31 9 25
32 9 25
33 9 25
34 9 25
34 10 25
33 10 25
32 10 25
31 10 25
30 10 25
29 10 25
28 10 25
28 11 25
27 11 25
26 11 25
25 11 25
25 10 25
24 10 25
23 10 25
22 10 25
21 10 25
20 10 25
19 10 25
18 10 25
17 10 25
16 10 25
16 11 25
17 11 25
18 11 25
19 11 25
20 11 25
21 11 25
22 11 25
23 11 25
24 11 25
24 12 25
25 12 25
26 12 25
27 12 25
28 12 25
29 12 25
29 11 25
30 11 25
31 11 25
32 11 25
33 11 25
34 11 25
35 11 25
35 10 25
36 10 25
36 9 25
35 9 25
35 8 25
34 8 25
33 8 25
32 8 25
31 8 25
30 8 25
29 8 25
28 8 25
28 7 25
27 7 25
26 7 25
25 7 25
24 7 25
23 7 25
22 7 25
21 7 25
20 7 25
19 7 25
18 7 25
18 8 25
17 8 25
16 8 25
15 8 25
14 8 25
13 8 25
12 8 25
12 7 25
13 7 25
14 7 25
15 7 25
16 7 25
17 7 25
17 6 25
18 6 25
19 6 25
20 6 25
21 6 25
22 6 25
23 6 25
24 6 25
25 6 25
26 6 25
26 5 25
27 5 25
27 6 25
28 6 25
29 6 25
29 7 25
30 7 25
31 7 25
32 7 25
33 7 25
34 7 25
35 7 25
36 7 25
36 8 25
37 8 25
37 9 25
37 10 25
37 11 25
36 11 25
36 12 25
35 12 25
34 12 25
33 12 25
32 12 25
31 12 25
30 12 25
30 13 25
29 13 25
28 13 25
28 14 25
27 14 25
27 15 25
26 15 25
26 14 25
26 13 25
25 13 25
24 13 25
23 13 25
23 12 25
22 12 25
21 12 25
20 12 25
19 12 25
18 12 25
17 12 25
16 12 25
15 12 25
14 12 25
13 12 25
13 11 25
12 11 25
11 11 25
10 11 25
9 11 25
9 10 25
8 10 25
8 10 24
8 11 24
9 11 24
9 12 24
10 12 24
10 11 24
10 10 24
9 10 24
9 9 24
9 8 24
10 8 24
10 7 24
11 7 24
11 8 24
11 9 24
11 10 24
12 10 24
13 10 24
14 10 24
15 10 24
16 10 24
17 10 24
18 10 24
18 11 24
19 11 24
19 10 24
19 9 24
20 9 24
21 9 24
22 9 24
23 9 24
24 9 24
25 9 24
25 10 24
24 10 24
23 10 24
22 10 24
21 10 24
20 10 24
20 11 24
21 11 24
22 11 24
23 11 24
24 11 24
25 11 24
26 11 24
27 11 24
28 11 24
28 10 24
29 10 24
30 10 24
31 10 24
32 10 24
33 10 24
34 10 24
34 9 24
33 9 24
32 9 24
31 9 24
30 9 24
29 9 24
28 9 24
27 9 24
26 9 24
26 8 24
25 8 24
24 8 24
23 8 24
22 8 24
21 8 24
20 8 24
19 8 24
18 8 24
17 8 24
16 8 24
15 8 24
14 8 24
13 8 24
12 8 24
12 7 24
13 7 24
14 7 24
15 7 24
16 7 24
17 7 24
18 7 24
19 7 24
20 7 24
20 6 24
21 6 24
21 7 24
22 7 24
23 7 24
24 7 24
25 7 24
26 7 24
27 7 24
27 8 24
28 8 24
29 8 24
30 8 24
31 8 24
32 8 24
33 8 24
34 8 24
35 8 24
35 9 24
36 9 24
36 10 24
35 10 24
35 11 24
34 11 24
33 11 24
32 11 24
31 11 24
30 11 24
29 11 24
29 12 24
28 12 24
27 12 24
26 12 24
25 12 24
24 12 24
23 12 24
22 12 24
21 12 24
20 12 24
19 12 24
18 12 24
17 12 24
17 11 24
16 11 24
15 11 24
14 11 24
13 11 24
12 11 24
11 11 24
11 12 24
12 12 24
13 12 24
14 12 24
15 12 24
16 12 24
16 13 24
17 13 24
18 13 24
19 13 24
20 13 24
21 13 24
22 13 24
23 13 24
24 13 24
25 13 24
26 13 24
27 13 24
28 13 24
29 13 24
30 13 24
30 12 24
31 12 24
32 12 24
33 12 24
34 12 24
35 12 24
36 12 24
36 11 24
37 11 24
37 10 24
37 9 24
37 8 24
36 8 24
36 7 24
35 7 24
34 7 24
33 7 24
32 7 24
31 7 24
30 7 24
29 7 24
28 7 24
28 6 24
27 6 24
27 5 24
26 5 24
26 6 24
25 6 24
24 6 24
23 6 24
22 6 24
22 5 24
21 5 24
20 5 24
19 5 24
19 6 24
18 6 24
17 6 24
16 6 24
15 6 24
14 6 24
13 6 24
12 6 24
11 6 24
10 6 24
9 6 24
9 7 24
8 7 24
8 8 24
7 8 24
7 8 23
7 7 23
8 7 23
8 6 23
9 6 23
9 5 23
10 5 23
10 6 23
10 7 23
9 7 23
9 8 23
8 8 23
8 9 23
8 10 23
9 10 23
9 11 23
10 11 23
10 10 23
10 9 23
10 8 23
11 8 23
11 7 23
12 7 23
12 8 23
12 9 23
13 9 23
13 10 23
14 10 23
15 10 23
16 10 23
17 10 23
18 10 23
19 10 23
20 10 23
21 10 23
22 10 23
23 10 23
24 10 23
25 10 23
25 9 23
24 9 23
23 9 23
23 8 23
22 8 23
21 8 23
20 8 23
19 8 23
18 8 23
17 8 23
16 8 23
15 8 23
14 8 23
13 8 23
13 7 23
14 7 23
15 7 23
16 7 23
17 7 23
18 7 23
19 7 23
20 7 23
21 7 23
22 7 23
23 7 23
24 7 23
24 8 23
25 8 23
26 8 23
26 9 23
27 9 23
28 9 23
28 10 23
27 10 23
27 11 23
26 11 23
25 11 23
24 11 23
23 11 23
22 11 23
21 11 23
20 11 23
19 11 23
18 11 23
17 11 23
16 11 23
15 11 23
14 11 23
13 11 23
12 11 23
12 10 23
11 10 23
11 11 23
11 12 23
12 12 23
13 12 23
14 12 23
15 12 23
16 12 23
17 12 23
18 12 23
19 12 23
20 12 23
21 12 23
22 12 23
23 12 23
24 12 23
25 12 23
26 12 23
27 12 23
28 12 23
28 11 23
29 11 23
30 11 23
30 10 23
31 10 23
32 10 23
33 10 23
34 10 23
35 10 23
36 10 23
36 9 23
35 9 23
34 9 23
33 9 23
32 9 23
31 9 23
30 9 23
29 9 23
29 8 23
28 8 23
27 8 23
27 7 23
26 7 23
25 7 23
25 6 23
24 6 23
23 6 23
22 6 23
21 6 23
20 6 23
19 6 23
18 6 23
17 6 23
16 6 23
15 6 23
14 6 23
13 6 23
12 6 23
11 6 23
11 5 23
12 5 23
13 5 23
14 5 23
15 5 23
16 5 23
17 5 23
18 5 23
19 5 23
20 5 23
21 5 23
22 5 23
23 5 23
24 5 23
25 5 23
26 5 23
26 6 23
27 6 23
28 6 23
28 7 23
29 7 23
30 7 23
30 8 23
31 8 23
32 8 23
33 8 23
34 8 23
34 7 23
35 7 23
35 8 23
36 8 23
37 8 23
38 8 23
38 9 23
37 9 23
37 10 23
37 11 23
36 11 23
35 11 23
34 11 23
33 11 23
32 11 23
31 11 23
31 12 23
30 12 23
29 12 23
29 13 23
28 13 23
27 13 23
26 13 23
25 13 23
24 13 23
23 13 23
22 13 23
21 13 23
20 13 23
19 13 23
18 13 23
17 13 23
16 13 23
15 13 23
14 13 23
13 13 23
12 13 23
11 13 23
10 13 23
10 12 23
9 12 23
8 12 23
8 11 23
7 11 23
7 10 23
6 10 23
6 9 23
5 9 23
5 10 23
5 11 23
6 11 23
6 12 23
7 12 23
7 13 23
8 13 23
9 13 23
9 14 23
10 14 23
11 14 23
12 14 23
13 14 23
14 14 23
15 14 23
16 14 23
17 14 23
18 14 23
19 14 23
20 14 23
21 14 23
22 14 23
23 14 23
24 14 23
25 14 23
26 14 23
27 14 23
28 14 23
29 14 23
30 14 23
30 13 23
31 13 23
32 13 23
32 12 23
33 12 23
34 12 23
35 12 23
36 12 23
37 12 23
38 12 23
38 11 23
38 10 23
39 10 23
39 9 23
39 8 23
39 7 23
38 7 23
37 7 23
36 7 23
36 6 23
35 6 23
34 6 23
33 6 23
33 7 23
32 7 23
31 7 23
31 6 23
30 6 23
29 6 23
29 5 23
28 5 23
27 5 23
27 4 23
26 4 23
25 4 23
24 4 23
23 4 23
22 4 23
21 4 23
20 4 23
19 4 23
18 4 23
17 4 23
16 4 23
15 4 23
14 4 23
13 4 23
12 4 23
11 4 23
10 4 23
9 4 23
8 4 23
8 5 23
7 5 23
7 6 23
6 6 23
6 7 23
5 7 23
5 7 22
5 6 22
6 6 22
6 5 22
7 5 22
7 4 22
8 4 22
9 4 22
10 4 22
10 3 22
11 3 22
12 3 22
12 4 22
13 4 22
14 4 22
15 4 22
16 4 22
17 4 22
18 4 22
19 4 22
20 4 22
21 4 22
22 4 22
22 3 22
23 3 22
23 4 22
24 4 22
25 4 22
26 4 22
26 5 22
27 5 22
28 5 22
29 5 22
29 6 22
30 6 22
30 7 22
31 7 22
32 7 22
33 7 22
34 7 22
34 6 22
35 6 22
36 6 22
37 6 22
37 7 22
38 7 22
39 7 22
39 8 22
39 9 22
39 10 22
38 10 22
38 11 22
37 11 22
37 12 22
36 12 22
35 12 22
34 12 22
34 11 22
33 11 22
32 11 22
32 12 22
32 13 22
31 13 22
30 13 22
30 14 22
29 14 22
28 14 22
27 14 22
26 14 22
25 14 22
24 14 22
23 14 22
22 14 22
21 14 22
21 15 22
20 15 22
19 15 22
18 15 22
17 15 22
17 14 22
16 14 22
15 14 22
14 14 22
13 14 22
13 15 22
12 15 22
11 15 22
10 15 22
10 14 22
9 14 22
8 14 22
8 13 22
7 13 22
6 13 22
6 12 22
5 12 22
5 11 22
4 11 22
4 11 21
5 11 21
5 12 21
6 12 21
6 13 21
7 13 21
7 14 21
8 14 21
9 14 21
9 15 21
10 15 21
11 15 21
12 15 21
13 15 21
14 15 21
15 15 21
16 15 21
17 15 21
18 15 21
19 15 21
20 15 21
21 15 21
22 15 21
22 14 21
23 14 21
24 14 21
25 14 21
26 14 21
27 14 21
28 14 21
29 14 21
30 14 21
30 13 21
31 13 21
31 12 21
32 12 21
32 11 21
33 11 21
34 11 21
35 11 21
35 12 21
36 12 21
37 12 21
37 11 21
38 11 21
38 10 21
39 10 21
39 9 21
39 8 21
39 7 21
38 7 21
37 7 21
37 6 21
36 6 21
35 6 21
34 6 21
34 7 21
33 7 21
32 7 21
31 7 21
30 7 21
30 6 21
29 6 21
28 6 21
28 5 21
27 5 21
26 5 21
26 4 21
25 4 21
24 4 21
24 3 21
23 3 21
22 3 21
21 3 21
20 3 21
19 3 21
19 4 21
18 4 21
17 4 21
16 4 21
15 4 21
14 4 21
14 3 21
13 3 21
12 3 21
11 3 21
10 3 21
9 3 21
8 3 21
8 4 21
7 4 21
6 4 21
6 5 21
6 6 21
5 6 21
5 7 21
4 7 21
4 8 21
5 8 21
6 8 21
6 7 21
7 7 21
8 7 21
9 7 21
10 7 21
11 7 21
12 7 21
13 7 21
14 7 21
15 7 21
16 7 21
17 7 21
18 7 21
19 7 21
20 7 21
21 7 21
22 7 21
23 7 21
23 8 21
24 8 21
25 8 21
25 9 21
26 9 21
27 9 21
27 10 21
27 11 21
26 11 21
25 11 21
24 11 21
23 11 21
22 11 21
21 11 21
20 11 21
19 11 21
19 12 21
18 12 21
17 12 21
16 12 21
15 12 21
14 12 21
13 12 21
12 12 21
12 11 21
11 11 21
10 11 21
10 10 21
9 10 21
9 9 21
10 9 21
11 9 21
11 10 21
12 10 21
13 10 21
13 11 21
14 11 21
14 10 21
14 9 21
15 9 21
16 9 21
17 9 21
17 10 21
16 10 21
15 10 21
15 11 21
16 11 21
17 11 21
18 11 21
18 10 21
19 10 21
20 10 21
21 10 21
22 10 21
23 10 21
24 10 21
24 9 21
23 9 21
22 9 21
22 8 21
21 8 21
20 8 21
19 8 21
18 8 21
17 8 21
16 8 21
15 8 21
14 8 21
13 8 21
12 8 21
11 8 21
10 8 21
9 8 21
8 8 21
7 8 21
7 9 21
7 10 21
8 10 21
8 11 21
9 11 21
9 12 21
10 12 21
11 12 21
11 13 21
12 13 21
13 13 21
14 13 21
15 13 21
16 13 21
17 13 21
18 13 21
19 13 21
20 13 21
20 12 21
21 12 21
22 12 21
23 12 21
24 12 21
25 12 21
26 12 21
27 12 21
28 12 21
28 11 21
29 11 21
29 10 21
30 10 21
30 9 21
29 9 21
28 9 21
28 8 21
27 8 21
26 8 21
26 7 21
25 7 21
24 7 21
24 6 21
23 6 21
22 6 21
22 5 21
21 5 21
21 6 21
20 6 21
19 6 21
18 6 21
17 6 21
16 6 21
15 6 21
14 6 21
13 6 21
12 6 21
12 5 21
11 5 21
10 5 21
10 6 21
9 6 21
8 6 21
7 6 21
7 5 21
8 5 21
9 5 21
9 4 21
10 4 21
11 4 21
12 4 21
13 4 21
13 5 21
14 5 21
15 5 21
16 5 21
17 5 21
18 5 21
19 5 21
20 5 21
20 4 21
21 4 21
22 4 21
23 4 21
23 5 21
24 5 21
25 5 21
25 6 21
26 6 21
27 6 21
27 7 21
28 7 21
29 7 21
29 8 21
30 8 21
31 8 21
32 8 21
33 8 21
34 8 21
35 8 21
35 7 21
36 7 21
36 8 21
37 8 21
38 8 21
38 9 21
37 9 21
37 10 21
36 10 21
35 10 21
34 10 21
33 10 21
32 10 21
31 10 21
31 11 21
30 11 21
30 12 21
29 12 21
29 13 21
28 13 21
27 13 21
26 13 21
25 13 21
24 13 21
23 13 21
22 13 21
21 13 21
21 14 21
20 14 21
19 14 21
18 14 21
17 14 21
16 14 21
15 14 21
14 14 21
13 14 21
12 14 21
11 14 21
10 14 21
10 13 21
9 13 21
8 13 21
8 12 21
7 12 21
7 11 21
6 11 21
6 10 21
5 10 21
5 9 21
4 9 21
4 9 20
5 9 20
6 9 20
7 9 20
8 9 20
8 10 20
9 10 20
9 11 20
10 11 20
10 10 20
10 9 20
10 8 20
11 8 20
12 8 20
13 8 20
13 9 20
13 10 20
14 10 20
15 10 20
16 10 20
17 10 20
17 9 20
16 9 20
15 9 20
14 9 20
14 8 20
15 8 20
16 8 20
17 8 20
18 8 20
19 8 20
20 8 20
21 8 20
22 8 20
23 8 20
23 9 20
23 10 20
22 10 20
21 10 20
20 10 20
19 10 20
18 10 20
18 11 20
17 11 20
16 11 20
15 11 20
14 11 20
13 11 20
12 11 20
12 10 20
11 10 20
11 11 20
11 12 20
12 12 20
13 12 20
14 12 20
15 12 20
16 12 20
17 12 20
18 12 20
19 12 20
19 11 20
20 11 20
21 11 20
22 11 20
23 11 20
24 11 20
24 10 20
25 10 20
26 10 20
26 9 20
25 9 20
25 8 20
24 8 20
24 7 20
23 7 20
22 7 20
21 7 20
21 6 20
20 6 20
20 7 20
19 7 20
18 7 20
17 7 20
16 7 20
15 7 20
14 7 20
13 7 20
12 7 20
11 7 20
10 7 20
9 7 20
9 8 20
8 8 20
7 8 20
7 7 20
8 7 20
8 6 20
9 6 20
10 6 20
10 5 20
11 5 20
12 5 20
12 6 20
13 6 20
14 6 20
15 6 20
16 6 20
17 6 20
18 6 20
19 6 20
19 5 20
20 5 20
21 5 20
22 5 20
22 6 20
23 6 20
24 6 20
25 6 20
25 7 20
26 7 20
26 8 20
27 8 20
27 9 20
28 9 20
29 9 20
30 9 20
30 10 20
29 10 20
29 11 20
28 11 20
27 11 20
26 11 20
25 11 20
25 12 20
24 12 20
23 12 20
22 12 20
21 12 20
20 12 20
20 13 20
19 13 20
18 13 20
17 13 20
16 13 20
15 13 20
14 13 20
13 13 20
12 13 20
11 13 20
10 13 20
10 12 20
9 12 20
8 12 20
8 11 20
7 11 20
7 10 20
6 10 20
5 10 20
5 11 20
6 11 20
6 12 20
7 12 20
7 13 20
8 13 20
9 13 20
9 14 20
10 14 20
11 14 20
12 14 20
13 14 20
14 14 20
15 14 20
16 14 20
17 14 20
18 14 20
19 14 20
20 14 20
21 14 20
21 13 20
22 13 20
23 13 20
24 13 20
25 13 20
26 13 20
26 12 20
27 12 20
28 12 20
29 12 20
30 12 20
30 11 20
31 11 20
31 10 20
31 9 20
32 9 20
33 9 20
34 9 20
35 9 20
35 10 20
35 11 20
36 11 20
36 10 20
37 10 20
37 9 20
38 9 20
38 8 20
37 8 20
36 8 20
36 7 20
35 7 20
35 8 20
34 8 20
33 8 20
32 8 20
31 8 20
30 8 20
29 8 20
28 8 20
28 7 20
27 7 20
27 6 20
26 6 20
26 5 20
25 5 20
24 5 20
23 5 20
23 4 20
22 4 20
21 4 20
20 4 20
19 4 20
18 4 20
18 5 20
17 5 20
16 5 20
15 5 20
14 5 20
13 5 20
13 4 20
12 4 20
11 4 20
10 4 20
9 4 20
9 5 20
8 5 20
7 5 20
7 6 20
6 6 20
6 7 20
6 8 20
5 8 20
4 8 20
4 7 20
5 7 20
5 6 20
5 5 20
6 5 20
6 4 20
7 4 20
8 4 20
8 3 20
9 3 20
10 3 20
11 3 20
12 3 20
13 3 20
14 3 20
14 4 20
15 4 20
16 4 20
17 4 20
17 3 20
18 3 20
19 3 20
20 3 20
21 3 20
22 3 20
23 3 20
24 3 20
24 4 20
25 4 20
26 4 20
27 4 20
27 5 20
28 5 20
28 6 20
29 6 20
29 7 20
30 7 20
31 7 20
32 7 20
33 7 20
34 7 20
34 6 20
35 6 20
36 6 20
37 6 20
37 7 20
38 7 20
39 7 20
39 8 20
39 9 20
39 10 20
38 10 20
38 11 20
37 11 20
37 12 20
36 12 20
35 12 20
34 12 20
34 11 20
34 10 20
33 10 20
32 10 20
32 11 20
32 12 20
31 12 20
31 13 20
30 13 20
29 13 20
28 13 20
27 13 20
27 14 20
26 14 20
25 14 20
24 14 20
23 14 20
22 14 20
22 15 20
21 15 20
20 15 20
19 15 20
18 15 20
17 15 20
16 15 20
15 15 20
14 15 20
13 15 20
12 15 20
11 15 20
10 15 20
9 15 20
8 15 20
8 14 20
7 14 20
6 14 20
6 13 20
5 13 20
5 12 20
4 12 20
4 11 20
4 10 20
3 10 20
3 10 19
4 10 19
4 11 19
4 12 19
5 12 19
5 13 19
6 13 19
6 14 19
7 14 19
8 14 19
8 15 19
9 15 19
10 15 19
11 15 19
12 15 19
13 15 19
14 15 19
15 15 19
16 15 19
17 15 19
18 15 19
19 15 19
20 15 19
21 15 19
21 14 19
22 14 19
23 14 19
24 14 19
25 14 19
26 14 19
27 14 19
27 13 19
28 13 19
29 13 19
29 12 19
30 12 19
30 11 19
31 11 19
31 10 19
32 10 19
33 10 19
34 10 19
35 10 19
35 9 19
34 9 19
34 8 19
35 8 19
35 7 19
36 7 19
36 8 19
37 8 19
38 8 19
38 9 19
37 9 19
37 10 19
36 10 19
36 11 19
35 11 19
34 11 19
34 12 19
35 12 19
36 12 19
37 12 19
37 11 19
38 11 19
38 10 19
39 10 19
39 9 19
39 8 19
39 7 19
38 7 19
37 7 19
37 6 19
36 6 19
35 6 19
35 6 18
35 7 18
36 7 18
37 7 18
38 7 18
39 7 18
39 8 18
39 9 18
39 10 18
38 10 18
38 11 18
37 11 18
36 11 18
36 12 18
35 12 18
34 12 18
34 11 18
34 10 18
34 9 18
35 9 18
35 10 18
36 10 18
37 10 18
37 9 18
38 9 18
38 8 18
37 8 18
36 8 18
35 8 18
34 8 18
34 7 18
34 7 17
34 8 17
35 8 17
36 8 17
37 8 17
38 8 17
38 9 17
37 9 17
37 10 17
36 10 17
36 9 17
35 9 17
35 10 17
35 11 17
34 11 17
34 12 17
35 12 17
36 12 17
36 11 17
37 11 17
38 11 17
38 10 17
39 10 17
39 9 17
39 8 17
39 7 17
38 7 17
37 7 17
36 7 17
35 7 17
35 6 17
35 6 16
35 7 16
36 7 16
37 7 16
38 7 16
39 7 16
40 7 16
40 8 16
40 9 16
39 9 16
39 10 16
38 10 16
38 11 16
37 11 16
36 11 16
35 11 16
35 12 16
34 12 16
34 11 16
34 10 16
34 9 16
35 9 16
35 10 16
36 10 16
37 10 16
37 9 16
38 9 16
38 8 16
37 8 16
36 8 16
35 8 16
34 8 16
34 7 16
34 7 15
35 7 15
36 7 15
36 8 15
37 8 15
38 8 15
38 9 15
37 9 15
36 9 15
36 10 15
36 11 15
35 11 15
34 11 15
34 12 15
35 12 15
36 12 15
37 12 15
37 11 15
38 11 15
38 10 15
39 10 15
39 9 15
40 9 15
40 8 15
39 8 15
39 7 15
38 7 15
37 7 15
37 6 15
36 6 15
35 6 15
35 6 14
36 6 14
36 7 14
37 7 14
38 7 14
39 7 14
39 8 14
40 8 14
40 9 14
39 9 14
39 10 14
38 10 14
37 10 14
37 11 14
37 12 14
36 12 14
35 12 14
34 12 14
34 11 14
35 11 14
36 11 14
36 10 14
36 9 14
37 9 14
38 9 14
38 8 14
37 8 14
36 8 14
35 8 14
35 7 14
34 7 14
34 7 13
35 7 13
36 7 13
36 8 13
37 8 13
38 8 13
38 9 13
37 9 13
36 9 13
36 10 13
36 11 13
35 11 13
35 12 13
36 12 13
37 12 13
37 11 13
37 10 13
38 10 13
39 10 13
40 10 13
40 9 13
40 8 13
39 8 13
39 7 13
38 7 13
37 7 13
37 6 13
36 6 13
36 6 12
37 6 12
38 6 12
38 7 12
39 7 12
40 7 12
40 8 12
40 9 12
40 10 12
39 10 12
38 10 12
38 11 12
38 12 12
38 12 11
39 12 11
39 11 11
39 10 11
40 10 11
40 9 11
40 8 11
40 7 11
39 7 11
39 6 11
38 6 11
37 6 11
37 7 11
38 7 11
38 8 11
38 8 10
39 8 10
39 8 9
39 9 9
40 9 9
41 9 9
41 8 9
40 8 9
40 7 9
40 7 8
40 8 8
41 8 8
41 9 8
40 9 8
39 9 8
39 9 7
40 9 7
40 8 7
40 8 6
40 9 6
41 9 6
41 10 6
40 10 6
39 10 6
39 9 6
39 9 5
39 10 5
40 10 5
41 10 5
41 9 5
40 9 5
40 8 5
40 8 4
40 9 4
41 9 4
41 10 4
40 10 4
39 10 4
39 9 4
39 8 4
39 8 5
39 8 6
39 8 7
39 8 8
39 7 8
39 7 9
39 7 10
40 7 10
40 8 10
40 9 10
40 10 10
39 10 10
39 9 10
38 9 10
38 9 11
38 10 11
38 11 11
37 11 11
37 12 11
37 12 12
36 12 12
36 11 12
37 11 12
37 10 12
37 9 12
38 9 12
39 9 12
39 8 12
38 8 12
37 8 12
37 7 12
36 7 12
35 7 12
35 6 12
35 6 13
34 6 13
34 6 14
34 6 15
34 6 16
34 6 17
34 6 18
34 6 19
34 7 19
33 7 19
33 8 19
32 8 19
32 9 19
31 9 19
30 9 19
30 8 19
30 7 19
29 7 19
29 6 19
28 6 19
28 5 19
27 5 19
27 4 19
26 4 19
25 4 19
24 4 19
24 3 19
23 3 19
22 3 19
21 3 19
20 3 19
19 3 19
18 3 19
17 3 19
17 4 19
16 4 19
15 4 19
14 4 19
14 3 19
13 3 19
12 3 19
11 3 19
10 3 19
9 3 19
8 3 19
8 4 19
7 4 19
6 4 19
6 5 19
5 5 19
5 6 19
4 6 19
4 7 19
4 8 19
4 9 19
4 9 18
4 8 18
5 8 18
6 8 18
7 8 18
7 7 18
8 7 18
8 6 18
9 6 18
9 7 18
9 8 18
8 8 18
8 9 18
8 10 18
9 10 18
9 11 18
10 11 18
10 10 18
10 9 18
10 8 18
11 8 18
12 8 18
13 8 18
13 9 18
13 10 18
14 10 18
15 10 18
16 10 18
16 9 18
15 9 18
14 9 18
14 8 18
15 8 18
16 8 18
17 8 18
18 8 18
19 8 18
20 8 18
21 8 18
22 8 18
23 8 18
23 9 18
23 10 18
22 10 18
21 10 18
20 10 18
19 10 18
18 10 18
17 10 18
17 11 18
16 11 18
15 11 18
14 11 18
13 11 18
12 11 18
12 10 18
11 10 18
11 11 18
11 12 18
12 12 18
13 12 18
14 12 18
15 12 18
16 12 18
17 12 18
18 12 18
18 11 18
19 11 18
20 11 18
21 11 18
22 11 18
23 11 18
24 11 18
24 10 18
25 10 18
26 10 18
26 9 18
25 9 18
25 8 18
24 8 18
24 7 18
23 7 18
22 7 18
21 7 18
21 6 18
20 6 18
20 7 18
19 7 18
18 7 18
17 7 18
16 7 18
15 7 18
14 7 18
13 7 18
12 7 18
11 7 18
10 7 18
10 6 18
10 5 18
11 5 18
12 5 18
12 6 18
13 6 18
14 6 18
15 6 18
16 6 18
17 6 18
18 6 18
19 6 18
19 5 18
20 5 18
21 5 18
22 5 18
22 6 18
23 6 18
24 6 18
25 6 18
25 7 18
26 7 18
26 8 18
27 8 18
27 9 18
28 9 18
28 10 18
27 10 18
27 11 18
26 11 18
25 11 18
25 12 18
24 12 18
23 12 18
22 12 18
21 12 18
20 12 18
19 12 18
19 13 18
18 13 18
17 13 18
16 13 18
15 13 18
14 13 18
13 13 18
12 13 18
11 13 18
10 13 18
10 12 18
9 12 18
8 12 18
8 11 18
7 11 18
7 10 18
6 10 18
6 9 18
5 9 18
5 10 18
5 11 18
6 11 18
6 12 18
7 12 18
7 13 18
8 13 18
9 13 18
9 14 18
10 14 18
11 14 18
12 14 18
13 14 18
14 14 18
15 14 18
16 14 18
17 14 18
18 14 18
19 14 18
20 14 18
20 13 18
21 13 18
22 13 18
23 13 18
24 13 18
25 13 18
26 13 18
26 12 18
27 12 18
28 12 18
28 11 18
29 11 18
29 10 18
29 9 18
29 8 18
28 8 18
28 7 18
27 7 18
27 6 18
26 6 18
26 5 18
25 5 18
24 5 18
23 5 18
23 4 18
22 4 18
21 4 18
20 4 18
19 4 18
18 4 18
18 5 18
17 5 18
16 5 18
15 5 18
14 5 18
13 5 18
13 4 18
12 4 18
11 4 18
10 4 18
9 4 18
9 5 18
8 5 18
7 5 18
7 6 18
6 6 18
6 7 18
5 7 18
4 7 18
4 6 18
5 6 18
5 5 18
6 5 18
6 4 18
7 4 18
8 4 18
8 3 18
9 3 18
10 3 18
11 3 18
12 3 18
13 3 18
14 3 18
14 4 18
15 4 18
16 4 18
17 4 18
17 3 18
18 3 18
19 3 18
20 3 18
21 3 18
22 3 18
23 3 18
24 3 18
24 4 18
25 4 18
26 4 18
27 4 18
27 5 18
28 5 18
28 6 18
29 6 18
29 7 18
30 7 18
30 8 18
30 9 18
30 10 18
30 11 18
30 12 18
29 12 18
29 13 18
28 13 18
27 13 18
27 14 18
26 14 18
25 14 18
24 14 18
23 14 18
22 14 18
21 14 18
21 15 18
20 15 18
19 15 18
18 15 18
17 15 18
16 15 18
15 15 18
14 15 18
13 15 18
12 15 18
11 15 18
10 15 18
9 15 18
8 15 18
8 14 18
7 14 18
6 14 18
6 13 18
5 13 18
5 12 18
4 12 18
4 11 18
4 10 18
3 10 18
2 10 18
2 10 17
3 10 17
4 10 17
4 11 17
5 11 17
5 12 17
5 13 17
6 13 17
6 14 17
7 14 17
8 14 17
8 15 17
9 15 17
10 15 17
11 15 17
12 15 17
13 15 17
14 15 17
15 15 17
16 15 17
17 15 17
18 15 17
19 15 17
20 15 17
20 14 17
21 14 17
22 14 17
23 14 17
24 14 17
25 14 17
26 14 17
27 14 17
27 13 17
28 13 17
29 13 17
29 12 17
30 12 17
30 11 17
30 10 17
30 9 17
30 8 17
30 7 17
29 7 17
29 6 17
28 6 17
28 5 17
27 5 17
27 4 17
26 4 17
25 4 17
24 4 17
24 3 17
23 3 17
22 3 17
21 3 17
21 4 17
20 4 17
19 4 17
18 4 17
17 4 17
16 4 17
15 4 17
14 4 17
14 3 17
13 3 17
12 3 17
11 3 17
10 3 17
9 3 17
8 3 17
8 4 17
7 4 17
6 4 17
6 5 17
5 5 17
5 6 17
6 6 17
7 6 17
7 5 17
8 5 17
9 5 17
9 4 17
10 4 17
11 4 17
12 4 17
13 4 17
13 5 17
14 5 17
15 5 17
16 5 17
17 5 17
18 5 17
19 5 17
20 5 17
21 5 17
22 5 17
22 4 17
23 4 17
23 5 17
24 5 17
25 5 17
26 5 17
26 6 17
27 6 17
27 7 17
28 7 17
28 8 17
29 8 17
29 9 17
29 10 17
29 11 17
28 11 17
28 12 17
27 12 17
26 12 17
26 13 17
25 13 17
24 13 17
23 13 17
22 13 17
21 13 17
20 13 17
19 13 17
19 14 17
18 14 17
17 14 17
16 14 17
15 14 17
14 14 17
13 14 17
12 14 17
11 14 17
10 14 17
9 14 17
9 13 17
8 13 17
7 13 17
7 12 17
6 12 17
6 11 17
6 10 17
6 9 17
6 8 17
7 8 17
8 8 17
9 8 17
9 7 17
10 7 17
10 8 17
10 9 17
10 10 17
11 10 17
12 10 17
12 11 17
13 11 17
13 10 17
13 9 17
14 9 17
15 9 17
15 10 17
14 10 17
14 11 17
15 11 17
16 11 17
16 10 17
17 10 17
18 10 17
19 10 17
19 10 16
19 11 16
18 11 16
17 11 16
17 12 16
16 12 16
15 12 16
14 12 16
13 12 16
12 12 16
11 12 16
11 11 16
11 10 16
12 10 16
12 11 16
13 11 16
14 11 16
15 11 16
16 11 16
16 10 16
17 10 16
18 10 16
18 9 16
19 9 16
20 9 16
21 9 16
22 9 16
22 8 16
21 8 16
20 8 16
19 8 16
18 8 16
17 8 16
16 8 16
15 8 16
14 8 16
14 9 16
15 9 16
15 10 16
14 10 16
13 10 16
13 9 16
13 8 16
12 8 16
11 8 16
10 8 16
10 9 16
10 10 16
10 11 16
9 11 16
9 10 16
8 10 16
8 9 16
7 9 16
7 10 16
7 11 16
8 11 16
8 12 16
9 12 16
10 12 16
10 13 16
11 13 16
12 13 16
13 13 16
14 13 16
15 13 16
16 13 16
17 13 16
18 13 16
18 12 16
19 12 16
20 12 16
20 11 16
21 11 16
22 11 16
23 11 16
24 11 16
25 11 16
26 11 16
26 10 16
27 10 16
27 9 16
26 9 16
26 8 16
25 8 16
25 7 16
24 7 16
24 6 16
23 6 16
22 6 16
21 6 16
20 6 16
19 6 16
18 6 16
17 6 16
16 6 16
15 6 16
14 6 16
13 6 16
12 6 16
11 6 16
11 5 16
11 5 15
12 5 15
13 5 15
14 5 15
15 5 15
16 5 15
17 5 15
18 5 15
19 5 15
20 5 15
21 5 15
21 4 15
22 4 15
23 4 15
23 5 15
24 5 15
25 5 15
25 6 15
26 6 15
26 7 15
27 7 15
27 8 15
28 8 15
28 9 15
29 9 15
29 10 15
28 10 15
28 11 15
27 11 15
27 12 15
26 12 15
25 12 15
25 11 15
24 11 15
23 11 15
22 11 15
21 11 15
21 12 15
20 12 15
20 13 15
19 13 15
18 13 15
18 14 15
17 14 15
16 14 15
15 14 15
14 14 15
13 14 15
13 13 15
12 13 15
11 13 15
10 13 15
9 13 15
8 13 15
7 13 15
7 12 15
6 12 15
6 11 15
6 10 15
6 9 15
6 8 15
7 8 15
8 8 15
9 8 15
9 7 15
10 7 15
10 8 15
10 9 15
10 10 15
11 10 15
12 10 15
13 10 15
14 10 15
15 10 15
16 10 15
17 10 15
17 9 15
18 9 15
18 8 15
17 8 15
16 8 15
15 8 15
14 8 15
13 8 15
12 8 15
11 8 15
11 7 15
12 7 15
13 7 15
14 7 15
15 7 15
16 7 15
17 7 15
18 7 15
19 7 15
20 7 15
21 7 15
22 7 15
23 7 15
23 8 15
24 8 15
24 9 15
23 9 15
22 9 15
21 9 15
20 9 15
19 9 15
19 10 15
18 10 15
18 11 15
17 11 15
16 11 15
16 12 15
15 12 15
15 11 15
14 11 15
13 11 15
12 11 15
11 11 15
10 11 15
9 11 15
9 10 15
8 10 15
8 9 15
7 9 15
7 10 15
7 11 15
8 11 15
8 12 15
9 12 15
10 12 15
11 12 15
12 12 15
13 12 15
14 12 15
14 13 15
15 13 15
16 13 15
17 13 15
17 12 15
18 12 15
19 12 15
19 11 15
20 11 15
20 10 15
21 10 15
22 10 15
23 10 15
24 10 15
25 10 15
26 10 15
27 10 15
27 9 15
26 9 15
26 8 15
25 8 15
25 7 15
24 7 15
24 6 15
23 6 15
22 6 15
21 6 15
20 6 15
19 6 15
18 6 15
17 6 15
16 6 15
15 6 15
14 6 15
13 6 15
12 6 15
11 6 15
10 6 15
9 6 15
8 6 15
8 7 15
7 7 15
6 7 15
5 7 15
5 8 15
5 9 15
5 10 15
5 11 15
5 12 15
5 13 15
6 13 15
6 14 15
7 14 15
8 14 15
9 14 15
9 15 15
10 15 15
10 14 15
11 14 15
12 14 15
12 15 15
13 15 15
14 15 15
15 15 15
16 15 15
17 15 15
18 15 15
19 15 15
19 14 15
20 14 15
21 14 15
21 13 15
22 13 15
22 12 15
23 12 15
24 12 15
24 13 15
25 13 15
26 13 15
27 13 15
28 13 15
28 12 15
29 12 15
29 11 15
30 11 15
30 10 15
30 9 15
30 8 15
29 8 15
29 7 15
28 7 15
28 6 15
27 6 15
27 5 15
26 5 15
26 4 15
25 4 15
24 4 15
24 3 15
23 3 15
22 3 15
21 3 15
20 3 15
20 4 15
19 4 15
18 4 15
17 4 15
16 4 15
15 4 15
14 4 15
13 4 15
12 4 15
11 4 15
11 3 15
10 3 15
9 3 15
8 3 15
8 4 15
7 4 15
6 4 15
6 5 15
6 5 14
6 4 14
7 4 14
8 4 14
8 3 14
9 3 14
10 3 14
11 3 14
11 4 14
12 4 14
13 4 14
13 5 14
14 5 14
15 5 14
16 5 14
17 5 14
18 5 14
19 5 14
20 5 14
20 4 14
20 3 14
21 3 14
22 3 14
23 3 14
24 3 14
24 4 14
25 4 14
25 5 14
26 5 14
26 6 14
27 6 14
27 7 14
28 7 14
28 8 14
29 8 14
29 9 14
30 9 14
30 10 14
30 11 14
29 11 14
29 12 14
28 12 14
28 13 14
27 13 14
26 13 14
25 13 14
24 13 14
24 12 14
23 12 14
22 12 14
21 12 14
21 13 14
20 13 14
20 14 14
19 14 14
18 14 14
17 14 14
16 14 14
15 14 14
14 14 14
13 14 14
12 14 14
11 14 14
10 14 14
9 14 14
8 14 14
7 14 14
6 14 14
6 13 14
6 12 14
6 11 14
6 10 14
6 9 14
6 9 13
7 9 13
7 10 13
7 11 13
6 11 13
6 12 13
6 13 13
7 13 13
7 14 13
8 14 13
9 14 13
10 14 13
11 14 13
12 14 13
13 14 13
14 14 13
14 13 13
15 13 13
16 13 13
17 13 13
18 13 13
19 13 13
19 12 13
20 12 13
21 12 13
21 11 13
22 11 13
23 11 13
24 11 13
24 12 13
25 12 13
25 13 13
26 13 13
27 13 13
28 13 13
28 12 13
29 12 13
29 11 13
29 10 13
29 9 13
28 9 13
28 8 13
27 8 13
27 7 13
26 7 13
26 6 13
25 6 13
25 5 13
25 4 13
24 4 13
24 3 13
23 3 13
22 3 13
22 3 12
23 3 12
24 3 12
24 4 12
24 5 12
25 5 12
25 6 12
25 7 12
25 8 12
26 8 12
27 8 12
27 9 12
28 9 12
28 10 12
29 10 12
29 11 12
29 12 12
28 12 12
27 12 12
27 13 12
26 13 12
26 12 12
25 12 12
24 12 12
24 11 12
24 11 11
25 11 11
25 12 11
26 12 11
26 11 11
26 10 11
27 10 11
27 11 11
27 12 11
28 12 11
29 12 11
29 11 11
29 10 11
28 10 11
28 9 11
27 9 11
26 9 11
26 9 10
27 9 10
28 9 10
29 9 10
29 10 10
29 11 10
29 12 10
28 12 10
27 12 10
26 12 10
25 12 10
25 11 10
26 11 10
27 11 10
28 11 10
28 10 10
27 10 10
26 10 10
25 10 10
25 10 9
25 11 9
26 11 9
26 12 9
27 12 9
27 11 9
27 10 9
28 10 9
28 11 9
28 12 9
29 12 9
29 11 9
29 10 9
29 9 9
28 9 9
27 9 9
27 9 8
28 9 8
29 9 8
29 10 8
29 11 8
29 12 8
28 12 8
27 12 8
26 12 8
26 11 8
27 11 8
28 11 8
28 10 8
27 10 8
26 10 8
26 10 7
26 11 7
27 11 7
27 12 7
28 12 7
29 12 7
29 11 7
29 10 7
29 9 7
28 9 7
27 9 7
27 9 6
28 9 6
29 9 6
30 9 6
30 10 6
30 11 6
29 11 6
29 12 6
28 12 6
27 12 6
27 11 6
27 11 5
28 11 5
28 12 5
29 12 5
29 11 5
30 11 5
30 10 5
30 9 5
29 9 5
28 9 5
28 9 4
29 9 4
30 9 4
30 10 4
31 10 4
31 11 4
30 11 4
30 12 4
29 12 4
28 12 4
28 11 4
27 11 4
27 10 4
27 10 3
27 11 3
28 11 3
28 12 3
29 12 3
30 12 3
30 11 3
31 11 3
31 10 3
31 9 3
30 9 3
29 9 3
28 9 3
28 9 2
29 9 2
30 9 2
31 9 2
31 10 2
31 11 2
31 12 2
30 12 2
29 12 2
28 12 2
27 12 2
27 11 2
28 11 2
29 11 2
30 11 2
30 10 2
29 10 2
28 10 2
27 10 2
27 10 1
28 10 1
29 10 1
30 10 1
30 11 1
29 11 1
28 11 1
27 11 1
27 12 1
28 12 1
29 12 1
30 12 1
31 12 1
31 11 1
31 10 1
31 9 1
30 9 1
29 9 1
28 9 1
27 9 1
27 9 2
27 9 3
27 9 4
27 9 5
27 10 5
27 10 6
26 10 6
26 9 6
26 9 7
26 9 8
26 9 9
25 9 9
25 9 10
25 9 11
24 9 11
24 10 11
24 10 12
25 10 12
25 11 12
26 11 12
27 11 12
27 10 12
26 10 12
26 9 12
25 9 12
24 9 12
24 8 12
24 7 12
23 7 12
22 7 12
22 6 12
21 6 12
21 5 12
20 5 12
20 5 11
21 5 11
21 6 11
22 6 11
23 6 11
24 6 11
24 5 11
24 4 11
23 4 11
23 3 11
22 3 11
21 3 11
21 3 10
22 3 10
23 3 10
23 4 10
24 4 10
24 5 10
23 5 10
23 6 10
22 6 10
21 6 10
21 5 10
20 5 10
20 4 10
20 4 9
20 5 9
21 5 9
21 6 9
22 6 9
23 6 9
23 5 9
23 4 9
23 3 9
22 3 9
21 3 9
21 3 8
22 3 8
23 3 8
23 4 8
23 5 8
23 6 8
22 6 8
21 6 8
21 5 8
20 5 8
20 5 7
21 5 7
21 6 7
22 6 7
22 5 7
23 5 7
23 4 7
23 3 7
22 3 7
21 3 7
20 3 7
20 3 6
20 3 5
19 3 5
19 3 4
19 3 3
19 4 3
20 4 3
20 5 3
21 5 3
21 4 3
21 3 3
22 3 3
22 4 3
22 5 3
23 5 3
23 4 3
23 3 3
23 2 3
22 2 3
21 2 3
20 2 3
20 1 3
20 1 2
20 2 2
20 3 2
21 3 2
21 4 2
22 4 2
22 3 2
22 2 2
21 2 2
21 1 2
22 1 2
23 1 2
23 2 2
23 3 2
23 4 2
23 5 2
22 5 2
21 5 2
20 5 2
20 4 2
19 4 2
19 4 1
20 4 1
21 4 1
21 5 1
22 5 1
23 5 1
23 4 1
23 3 1
23 2 1
22 2 1
21 2 1
20 2 1
20 3 1
19 3 1
19 3 2
18 3 2
18 2 2
19 2 2
19 1 2
19 1 3
19 2 3
19 2 4
20 2 4
21 2 4
22 2 4
22 3 4
23 3 4
23 4 4
22 4 4
22 5 4
21 5 4
20 5 4
20 4 4
19 4 4
19 4 5
20 4 5
20 5 5
21 5 5
22 5 5
23 5 5
23 4 5
23 3 5
22 3 5
22 2 5
21 2 5
20 2 5
20 2 6
21 2 6
22 2 6
22 3 6
23 3 6
23 4 6
23 5 6
22 5 6
21 5 6
20 5 6
20 4 6
20 4 7
20 4 8
20 3 8
20 3 9
20 3 10
20 3 11
20 4 11
20 4 12
21 4 12
21 3 12
21 3 13
20 3 13
20 4 13
20 5 13
20 6 13
19 6 13
18 6 13
17 6 13
16 6 13
15 6 13
14 6 13
14 5 13
13 5 13
12 5 13
12 4 13
11 4 13
11 3 13
10 3 13
9 3 13
9 4 13
8 4 13
7 4 13
7 5 13
7 5 12
7 4 12
8 4 12
9 4 12
10 4 12
11 4 12
11 5 12
11 6 12
12 6 12
13 6 12
14 6 12
15 6 12
16 6 12
16 7 12
17 7 12
18 7 12
19 7 12
19 8 12
20 8 12
20 9 12
20 10 12
20 11 12
19 11 12
19 12 12
18 12 12
17 12 12
16 12 12
15 12 12
14 12 12
14 13 12
13 13 12
12 13 12
11 13 12
10 13 12
9 13 12
8 13 12
7 13 12
7 12 12
7 11 12
7 10 12
7 9 12
7 8 12
8 8 12
9 8 12
10 8 12
11 8 12
12 8 12
13 8 12
14 8 12
14 9 12
15 9 12
16 9 12
17 9 12
17 10 12
16 10 12
15 10 12
14 10 12
13 10 12
12 10 12
12 11 12
11 11 12
10 11 12
9 11 12
9 10 12
10 10 12
11 10 12
11 9 12
10 9 12
9 9 12
8 9 12
8 10 12
8 11 12
8 12 12
9 12 12
10 12 12
11 12 12
12 12 12
13 12 12
13 11 12
14 11 12
15 11 12
16 11 12
17 11 12
18 11 12
18 10 12
19 10 12
19 9 12
18 9 12
18 8 12
17 8 12
16 8 12
15 8 12
15 7 12
14 7 12
13 7 12
12 7 12
11 7 12
10 7 12
10 6 12
10 5 12
9 5 12
8 5 12
8 6 12
8 7 12
7 7 12
6 7 12
6 6 12
6 6 11
7 6 11
8 6 11
8 5 11
9 5 11
9 6 11
10 6 11
10 7 11
10 8 11
10 9 11
11 9 11
12 9 11
13 9 11
14 9 11
15 9 11
16 9 11
16 10 11
15 10 11
14 10 11
13 10 11
12 10 11
12 11 11
11 11 11
11 12 11
10 12 11
9 12 11
9 11 11
9 10 11
9 9 11
8 9 11
8 8 11
8 7 11
7 7 11
6 7 11
6 8 11
7 8 11
7 9 11
7 10 11
8 10 11
8 11 11
8 12 11
8 13 11
9 13 11
10 13 11
11 13 11
12 13 11
12 12 11
13 12 11
13 11 11
14 11 11
15 11 11
16 11 11
17 11 11
17 10 11
18 10 11
18 9 11
17 9 11
17 8 11
16 8 11
15 8 11
14 8 11
13 8 11
12 8 11
11 8 11
11 7 11
11 6 11
11 5 11
10 5 11
10 4 11
9 4 11
8 4 11
7 4 11
7 5 11
7 5 10
7 4 10
8 4 10
9 4 10
10 4 10
10 5 10
10 6 10
10 7 10
10 8 10
11 8 10
12 8 10
13 8 10
13 9 10
14 9 10
14 10 10
14 11 10
13 11 10
13 12 10
12 12 10
11 12 10
11 13 10
10 13 10
10 12 10
9 12 10
9 11 10
8 11 10
7 11 10
7 10 10
7 9 10
8 9 10
8 10 10
9 10 10
10 10 10
10 11 10
11 11 10
12 11 10
12 10 10
12 9 10
11 9 10
10 9 10
9 9 10
9 8 10
9 7 10
9 6 10
9 5 10
8 5 10
8 6 10
7 6 10
7 7 10
8 7 10
8 8 10
7 8 10
6 8 10
6 7 10
5 7 10
5 7 9
6 7 9
6 8 9
7 8 9
8 8 9
9 8 9
9 9 9
9 10 9
10 10 9
11 10 9
11 11 9
10 11 9
9 11 9
9 12 9
10 12 9
11 12 9
12 12 9
12 11 9
13 11 9
13 10 9
13 9 9
12 9 9
12 9 8
12 10 8
12 11 8
11 11 8
11 12 8
10 12 8
10 11 8
9 11 8
9 10 8
9 10 7
9 11 7
10 11 7
10 12 7
11 12 7
11 11 7
11 10 7
11 9 7
10 9 7
10 9 6
11 9 6
11 10 6
11 11 6
10 11 6
9 11 6
9 11 5
10 11 5
11 11 5
11 10 5
11 9 5
10 9 5
9 9 5
9 9 4
10 9 4
11 9 4
11 10 4
11 11 4
10 11 4
9 11 4
9 10 4
8 10 4
8 10 3
9 10 3
9 11 3
10 11 3
11 11 3
11 10 3
11 9 3
10 9 3
10 8 3
9 8 3
9 8 2
10 8 2
11 8 2
11 9 2
11 10 2
11 11 2
10 11 2
9 11 2
8 11 2
8 10 2
9 10 2
10 10 2
10 9 2
9 9 2
8 9 2
8 9 1
9 9 1
10 9 1
10 10 1
10 10 0
11 10 0
11 11 0
10 11 0
9 11 0
9 10 0
9 10 1
8 10 1
8 11 1
9 11 1
10 11 1
11 11 1
11 10 1
11 9 1
11 8 1
10 8 1
9 8 1
8 8 1
8 8 2
8 8 3
8 9 3
8 9 4
8 9 5
8 10 5
9 10 5
9 10 6
9 9 6
9 9 7
9 9 8
10 9 8
11 9 8
11 9 9
11 8 9
10 8 9
10 7 9
10 6 9
10 5 9
9 5 9
9 4 9
8 4 9
7 4 9
6 4 9
6 5 9
6 5 8
6 4 8
7 4 8
7 5 8
8 5 8
9 5 8
9 6 8
8 6 8
8 7 8
7 7 8
6 7 8
5 7 8
5 6 8
5 6 7
5 6 6
4 6 6
4 6 5
5 6 5
6 6 5
6 7 5
7 7 5
7 6 5
7 5 5
7 4 5
6 4 5
5 4 5
5 4 4
6 4 4
7 4 4
7 5 4
7 6 4
6 6 4
5 6 4
4 6 4
4 5 4
4 5 3
4 5 2
4 4 2
5 4 2
5 3 2
6 3 2
7 3 2
7 4 2
7 5 2
7 6 2
7 6 1
7 5 1
7 4 1
6 4 1
5 4 1
5 5 1
4 5 1
4 6 1
5 6 1
6 6 1
6 6 2
6 7 2
5 7 2
4 7 2
4 6 2
3 6 2
3 5 2
3 5 3
3 6 3
4 6 3
5 6 3
6 6 3
7 6 3
7 5 3
7 4 3
6 4 3
5 4 3
4 4 3
4 4 4
4 4 5
4 5 5
4 5 6
5 5 6
5 4 6
6 4 6
7 4 6
7 5 6
7 6 6
7 7 6
6 7 6
5 7 6
5 7 7
6 7 7
7 7 7
7 6 7
7 5 7
7 4 7
6 4 7
6 5 7
5 5 7
5 5 8
5 5 9
5 6 9
5 6 10
6 6 10
6 5 10
6 5 11
6 5 12
6 5 13
6 6 13
7 6 13
8 6 13
8 5 13
9 5 13
10 5 13
11 5 13
11 6 13
12 6 13
13 6 13
13 7 13
14 7 13
15 7 13
16 7 13
17 7 13
18 7 13
19 7 13
20 7 13
21 7 13
21 6 13
21 5 13
21 4 13
22 4 13
23 4 13
23 5 13
24 5 13
24 6 13
24 7 13
25 7 13
25 8 13
26 8 13
26 9 13
27 9 13
27 10 13
28 10 13
28 11 13
27 11 13
27 12 13
26 12 13
26 11 13
25 11 13
25 10 13
24 10 13
23 10 13
22 10 13
21 10 13
20 10 13
20 11 13
19 11 13
18 11 13
18 12 13
17 12 13
16 12 13
15 12 13
14 12 13
13 12 13
13 13 13
12 13 13
11 13 13
10 13 13
9 13 13
8 13 13
8 12 13
8 11 13
8 10 13
8 9 13
9 9 13
10 9 13
10 8 13
11 8 13
11 9 13
12 9 13
13 9 13
14 9 13
15 9 13
16 9 13
16 10 13
15 10 13
14 10 13
13 10 13
12 10 13
11 10 13
11 11 13
10 11 13
10 10 13
9 10 13
9 11 13
9 12 13
10 12 13
11 12 13
12 12 13
12 11 13
13 11 13
14 11 13
15 11 13
16 11 13
17 11 13
17 10 13
18 10 13
19 10 13
19 9 13
20 9 13
21 9 13
22 9 13
23 9 13
24 9 13
24 8 13
23 8 13
23 7 13
23 6 13
22 6 13
22 7 13
22 8 13
21 8 13
20 8 13
19 8 13
18 8 13
17 8 13
16 8 13
15 8 13
14 8 13
13 8 13
12 8 13
12 7 13
11 7 13
10 7 13
10 6 13
9 6 13
9 7 13
9 8 13
8 8 13
7 8 13
7 7 13
6 7 13
6 8 13
6 8 14
7 8 14
7 9 14
7 10 14
7 11 14
7 12 14
7 13 14
8 13 14
9 13 14
10 13 14
11 13 14
12 13 14
13 13 14
14 13 14
15 13 14
16 13 14
17 13 14
18 13 14
19 13 14
19 12 14
20 12 14
20 11 14
21 11 14
22 11 14
23 11 14
24 11 14
25 11 14
25 12 14
26 12 14
27 12 14
27 11 14
28 11 14
28 10 14
28 9 14
27 9 14
27 8 14
26 8 14
26 7 14
25 7 14
25 6 14
24 6 14
24 5 14
23 5 14
23 4 14
22 4 14
21 4 14
21 5 14
21 6 14
20 6 14
19 6 14
18 6 14
17 6 14
16 6 14
15 6 14
14 6 14
13 6 14
12 6 14
12 5 14
11 5 14
10 5 14
10 4 14
9 4 14
9 5 14
8 5 14
7 5 14
7 6 14
8 6 14
9 6 14
10 6 14
11 6 14
11 7 14
12 7 14
13 7 14
14 7 14
15 7 14
16 7 14
17 7 14
18 7 14
19 7 14
20 7 14
21 7 14
22 7 14
22 6 14
23 6 14
23 7 14
24 7 14
24 8 14
25 8 14
25 9 14
26 9 14
26 10 14
25 10 14
24 10 14
23 10 14
22 10 14
21 10 14
20 10 14
19 10 14
19 11 14
18 11 14
18 12 14
17 12 14
16 12 14
15 12 14
14 12 14
13 12 14
12 12 14
11 12 14
10 12 14
9 12 14
8 12 14
8 11 14
8 10 14
8 9 14
8 8 14
9 8 14
9 9 14
10 9 14
11 9 14
12 9 14
13 9 14
14 9 14
15 9 14
16 9 14
16 10 14
15 10 14
14 10 14
13 10 14
12 10 14
11 10 14
10 10 14
9 10 14
9 11 14
10 11 14
11 11 14
12 11 14
13 11 14
14 11 14
15 11 14
16 11 14
17 11 14
17 10 14
18 10 14
18 9 14
19 9 14
20 9 14
21 9 14
22 9 14
23 9 14
23 8 14
22 8 14
21 8 14
20 8 14
19 8 14
18 8 14
17 8 14
16 8 14
15 8 14
14 8 14
13 8 14
12 8 14
11 8 14
10 8 14
10 7 14
9 7 14
8 7 14
7 7 14
6 7 14
5 7 14
5 6 14
5 5 14
5 5 15
5 6 15
6 6 15
7 6 15
7 5 15
8 5 15
9 5 15
9 4 15
10 4 15
10 5 15
10 5 16
10 6 16
9 6 16
8 6 16
8 7 16
7 7 16
6 7 16
5 7 16
5 8 16
5 9 16
4 9 16
3 9 16
2 9 16
2 9 15
2 9 14
2 10 14
1 10 14
1 10 13
2 10 13
2 9 13
2 9 12
2 10 12
1 10 12
1 10 11
2 10 11
2 9 11
2 9 10
2 10 10
1 10 10
1 9 10
1 9 11
1 9 12
1 9 13
1 9 14
1 9 15
1 10 15
2 10 15
2 10 16
3 10 16
4 10 16
5 10 16
5 11 16
5 12 16
5 13 16
6 13 16
6 14 16
7 14 16
8 14 16
8 15 16
9 15 16
10 15 16
11 15 16
12 15 16
13 15 16
14 15 16
15 15 16
16 15 16
17 15 16
18 15 16
19 15 16
20 15 16
20 14 16
21 14 16
22 14 16
22 13 16
23 13 16
24 13 16
25 13 16
25 14 16
26 14 16
26 13 16
27 13 16
28 13 16
28 12 16
29 12 16
29 11 16
30 11 16
30 10 16
30 9 16
30 8 16
29 8 16
29 7 16
28 7 16
28 6 16
27 6 16
27 5 16
26 5 16
26 4 16
25 4 16
24 4 16
24 3 16
23 3 16
22 3 16
21 3 16
20 3 16
20 4 16
19 4 16
18 4 16
17 4 16
16 4 16
15 4 16
14 4 16
13 4 16
13 3 16
12 3 16
11 3 16
10 3 16
9 3 16
8 3 16
8 4 16
7 4 16
6 4 16
6 5 16
5 5 16
5 6 16
6 6 16
7 6 16
7 5 16
8 5 16
9 5 16
9 4 16
10 4 16
11 4 16
12 4 16
12 5 16
13 5 16
14 5 16
15 5 16
16 5 16
17 5 16
18 5 16
19 5 16
20 5 16
21 5 16
21 4 16
22 4 16
23 4 16
23 5 16
24 5 16
25 5 16
25 6 16
26 6 16
26 7 16
27 7 16
27 8 16
28 8 16
28 9 16
29 9 16
29 10 16
28 10 16
28 11 16
27 11 16
27 12 16
26 12 16
25 12 16
24 12 16
23 12 16
22 12 16
21 12 16
21 13 16
20 13 16
19 13 16
19 14 16
18 14 16
17 14 16
16 14 16
15 14 16
14 14 16
13 14 16
12 14 16
11 14 16
10 14 16
9 14 16
9 13 16
8 13 16
7 13 16
7 12 16
6 12 16
6 11 16
6 10 16
6 9 16
6 8 16
7 8 16
8 8 16
9 8 16
9 7 16
10 7 16
11 7 16
12 7 16
13 7 16
14 7 16
15 7 16
16 7 16
17 7 16
18 7 16
19 7 16
20 7 16
21 7 16
22 7 16
23 7 16
23 8 16
24 8 16
24 9 16
25 9 16
25 10 16
24 10 16
23 10 16
22 10 16
21 10 16
20 10 16
20 10 17
21 10 17
22 10 17
23 10 17
23 9 17
23 8 17
22 8 17
21 8 17
20 8 17
19 8 17
18 8 17
17 8 17
16 8 17
15 8 17
14 8 17
13 8 17
12 8 17
11 8 17
11 7 17
12 7 17
13 7 17
14 7 17
15 7 17
16 7 17
17 7 17
18 7 17
19 7 17
20 7 17
21 7 17
22 7 17
23 7 17
24 7 17
24 8 17
25 8 17
25 9 17
26 9 17
26 10 17
25 10 17
24 10 17
24 11 17
23 11 17
22 11 17
21 11 17
20 11 17
19 11 17
18 11 17
17 11 17
17 12 17
16 12 17
15 12 17
14 12 17
13 12 17
12 12 17
11 12 17
11 11 17
10 11 17
9 11 17
9 10 17
8 10 17
8 9 17
7 9 17
7 10 17
7 11 17
8 11 17
8 12 17
9 12 17
10 12 17
10 13 17
11 13 17
12 13 17
13 13 17
14 13 17
15 13 17
16 13 17
17 13 17
18 13 17
18 12 17
19 12 17
20 12 17
21 12 17
22 12 17
23 12 17
24 12 17
25 12 17
25 11 17
26 11 17
27 11 17
27 10 17
28 10 17
28 9 17
27 9 17
27 8 17
26 8 17
26 7 17
25 7 17
25 6 17
24 6 17
23 6 17
22 6 17
21 6 17
20 6 17
19 6 17
18 6 17
17 6 17
16 6 17
15 6 17
14 6 17
13 6 17
12 6 17
12 5 17
11 5 17
10 5 17
10 6 17
9 6 17
8 6 17
8 7 17
7 7 17
6 7 17
5 7 17
5 8 17
5 9 17
4 9 17
3 9 17
2 9 17
2 9 18
3 9 18
3 9 19
3 9 20
3 9 21
3 10 21
4 10 21
4 10 22
5 10 22
6 10 22
6 11 22
7 11 22
7 12 22
8 12 22
9 12 22
9 13 22
10 13 22
11 13 22
11 14 22
12 14 22
12 13 22
13 13 22
14 13 22
15 13 22
16 13 22
17 13 22
18 13 22
18 14 22
19 14 22
20 14 22
20 13 22
21 13 22
22 13 22
23 13 22
24 13 22
25 13 22
26 13 22
27 13 22
28 13 22
29 13 22
29 12 22
30 12 22
31 12 22
31 11 22
31 10 22
32 10 22
33 10 22
34 10 22
35 10 22
35 11 22
36 11 22
36 10 22
37 10 22
37 9 22
38 9 22
38 8 22
37 8 22
36 8 22
36 7 22
35 7 22
35 8 22
34 8 22
33 8 22
32 8 22
31 8 22
30 8 22
29 8 22
29 7 22
28 7 22
28 6 22
27 6 22
26 6 22
25 6 22
25 5 22
24 5 22
23 5 22
22 5 22
21 5 22
20 5 22
19 5 22
18 5 22
17 5 22
16 5 22
15 5 22
14 5 22
13 5 22
12 5 22
11 5 22
10 5 22
9 5 22
8 5 22
8 6 22
7 6 22
7 7 22
6 7 22
6 8 22
7 8 22
8 8 22
8 7 22
9 7 22
9 6 22
10 6 22
10 7 22
10 8 22
9 8 22
9 9 22
9 10 22
10 10 22
11 10 22
11 11 22
12 11 22
13 11 22
14 11 22
15 11 22
16 11 22
17 11 22
18 11 22
19 11 22
20 11 22
21 11 22
22 11 22
23 11 22
24 11 22
25 11 22
26 11 22
27 11 22
27 10 22
27 9 22
26 9 22
26 8 22
25 8 22
24 8 22
23 8 22
23 7 22
22 7 22
21 7 22
20 7 22
19 7 22
18 7 22
17 7 22
16 7 22
15 7 22
14 7 22
13 7 22
12 7 22
12 8 22
13 8 22
14 8 22
15 8 22
16 8 22
17 8 22
18 8 22
19 8 22
20 8 22
21 8 22
22 8 22
22 9 22
23 9 22
24 9 22
25 9 22
25 10 22
24 10 22
23 10 22
22 10 22
21 10 22
20 10 22
19 10 22
18 10 22
17 10 22
16 10 22
15 10 22
14 10 22
13 10 22
12 10 22
12 9 22
11 9 22
11 8 22
11 7 22
11 6 22
12 6 22
13 6 22
14 6 22
15 6 22
16 6 22
17 6 22
18 6 22
19 6 22
20 6 22
21 6 22
22 6 22
23 6 22
24 6 22
24 7 22
25 7 22
26 7 22
27 7 22
27 8 22
28 8 22
28 9 22
29 9 22
30 9 22
30 10 22
30 11 22
29 11 22
28 11 22
28 12 22
27 12 22
26 12 22
25 12 22
24 12 22
23 12 22
22 12 22
21 12 22
20 12 22
19 12 22
18 12 22
17 12 22
16 12 22
15 12 22
14 12 22
13 12 22
12 12 22
11 12 22
10 12 22
10 11 22
9 11 22
8 11 22
8 10 22
7 10 22
7 9 22
6 9 22
5 9 22
4 9 22
4 8 22
5 8 22
5 8 23
6 8 23
6 8 24
6 7 24
7 7 24
7 6 24
8 6 24
8 5 24
9 5 24
10 5 24
11 5 24
12 5 24
13 5 24
14 5 24
15 5 24
16 5 24
17 5 24
18 5 24
18 4 24
19 4 24
20 4 24
21 4 24
22 4 24
23 4 24
23 5 24
24 5 24
25 5 24
25 4 24
26 4 24
27 4 24
28 4 24
28 5 24
29 5 24
29 6 24
30 6 24
31 6 24
32 6 24
33 6 24
34 6 24
35 6 24
36 6 24
37 6 24
37 7 24
38 7 24
38 8 24
39 8 24
39 9 24
39 10 24
38 10 24
38 11 24
38 12 24
37 12 24
37 13 24
36 13 24
35 13 24
34 13 24
33 13 24
32 13 24
31 13 24
31 14 24
30 14 24
29 14 24
28 14 24
28 15 24
27 15 24
26 15 24
26 14 24
25 14 24
24 14 24
23 14 24
22 14 24
21 14 24
20 14 24
19 14 24
18 14 24
17 14 24
16 14 24
15 14 24
15 13 24
14 13 24
13 13 24
12 13 24
11 13 24
10 13 24
9 13 24
8 13 24
8 12 24
7 12 24
7 11 24
6 11 24
6 10 24
6 9 24
7 9 24
7 10 24
7 10 25
7 11 25
8 11 25
8 12 25
9 12 25
10 12 25
11 12 25
12 12 25
12 13 25
13 13 25
14 13 25
15 13 25
16 13 25
17 13 25
18 13 25
19 13 25
20 13 25
21 13 25
22 13 25
22 14 25
23 14 25
24 14 25
25 14 25
25 15 25
25 16 25
26 16 25
27 16 25
28 16 25
28 15 25
29 15 25
29 14 25
30 14 25
31 14 25
31 13 25
32 13 25
33 13 25
34 13 25
35 13 25
36 13 25
37 13 25
37 12 25
38 12 25
38 11 25
38 10 25
38 9 25
38 8 25
38 7 25
37 7 25
37 6 25
36 6 25
35 6 25
34 6 25
33 6 25
32 6 25
31 6 25
30 6 25
30 5 25
29 5 25
28 5 25
28 4 25
27 4 25
26 4 25
26 3 25
25 3 25
25 4 25
25 5 25
24 5 25
23 5 25
22 5 25
21 5 25
20 5 25
19 5 25
18 5 25
17 5 25
16 5 25
16 6 25
15 6 25
14 6 25
13 6 25
12 6 25
11 6 25
10 6 25
9 6 25
9 7 25
8 7 25
8 8 25
7 8 25
7 9 25
8 9 25
9 9 25
9 8 25
10 8 25
10 8 26
10 9 26
10 10 26
11 10 26
12 10 26
13 10 26
14 10 26
15 10 26
15 10 27
15 9 27
16 9 27
17 9 27
18 9 27
18 8 27
19 8 27
20 8 27
21 8 27
22 8 27
23 8 27
23 8 28
23 7 28
24 7 28
25 7 28
25 6 28
25 5 28
24 5 28
24 4 28
24 3 28
24 2 28
24 2 29
24 3 29
24 4 29
24 5 29
25 5 29
25 5 30
25 4 30
25 3 30
25 3 31
25 4 31
25 5 31
25 6 31
26 6 31
26 7 31
27 7 31
28 7 31
29 7 31
30 7 31
31 7 31
32 7 31
32 8 31
33 8 31
34 8 31
34 9 31
35 9 31
35 10 31
34 10 31
34 11 31
33 11 31
33 12 31
32 12 31
31 12 31
30 12 31
30 13 31
29 13 31
29 14 31
28 14 31
28 13 31
28 12 31
28 11 31
28 10 31
28 9 31
29 9 31
29 10 31
29 11 31
30 11 31
31 11 31
32 11 31
32 10 31
33 10 31
33 9 31
32 9 31
31 9 31
31 8 31
30 8 31
29 8 31
28 8 31
27 8 31
27 9 31
27 10 31
27 11 31
27 12 31
27 13 31
27 14 31
26 14 31
26 15 31
26 16 31
27 16 31
28 16 31
28 15 31
29 15 31
30 15 31
30 14 31
31 14 31
31 13 31
32 13 31
33 13 31
34 13 31
34 12 31
35 12 31
35 11 31
