13 37 20
12 37 20
12 38 20
11 38 20
10 38 20
10 39 20
10 40 20
9 40 20
9 41 20
9 42 20
8 42 20
8 43 20
7 43 20
7 44 20
7 45 20
6 45 20
5 45 20
5 44 20
5 43 20
5 42 20
5 41 20
5 40 20
5 39 20
5 38 20
4 38 20
4 37 20
4 36 20
5 36 20
5 35 20
5 34 20
5 33 20
5 32 20
6 32 20
6 33 20
6 34 20
6 35 20
6 36 20
7 36 20
8 36 20
8 37 20
8 38 20
7 38 20
7 37 20
6 37 20
6 38 20
6 39 20
6 40 20
6 41 20
6 42 20
7 42 20
7 41 20
8 41 20
8 40 20
8 39 20
9 39 20
9 38 20
9 37 20
9 36 20
9 35 20
8 35 20
8 34 20
8 33 20
7 33 20
7 32 20
7 31 20
7 31 19
7 32 19
7 33 19
8 33 19
8 34 19
8 35 19
9 35 19
9 36 19
9 37 19
9 38 19
9 39 19
8 39 19
8 40 19
8 41 19
7 41 19
7 42 19
7 43 19
6 43 19
6 44 19
6 45 19
5 45 19
5 46 19
4 46 19
4 45 19
4 44 19
5 44 19
5 43 19
5 42 19
5 41 19
5 40 19
5 39 19
5 38 19
5 37 19
5 36 19
5 35 19
6 35 19
6 36 19
6 37 19
6 38 19
6 39 19
6 40 19
7 40 19
7 39 19
7 38 19
8 38 19
8 37 19
8 36 19
7 36 19
7 35 19
7 34 19
6 34 19
5 34 19
5 33 19
5 32 19
5 31 19
5 30 19
4 30 19
4 29 19
4 28 19
3 28 19
3 29 19
3 30 19
3 31 19
4 31 19
4 32 19
4 33 19
4 34 19
4 35 19
4 36 19
3 36 19
2 36 19
2 37 19
2 38 19
3 38 19
3 38 18
3 37 18
4 37 18
4 36 18
5 36 18
6 36 18
7 36 18
8 36 18
9 36 18
10 36 18
11 36 18
11 37 18
11 38 18
10 38 18
9 38 18
8 38 18
7 38 18
6 38 18
6 38 17
7 38 17
8 38 17
9 38 17
10 38 17
11 38 17
11 37 17
12 37 17
12 36 17
11 36 17
10 36 17
9 36 17
8 36 17
7 36 17
6 36 17
5 36 17
5 37 17
5 37 16
6 37 16
6 36 16
7 36 16
8 36 16
9 36 16
10 36 16
11 36 16
12 36 16
12 37 16
11 37 16
11 38 16
10 38 16
9 38 16
8 38 16
7 38 16
6 38 16
6 38 15
7 38 15
8 38 15
9 38 15
10 38 15
11 38 15
12 38 15
12 37 15
13 37 15
13 36 15
12 36 15
11 36 15
10 36 15
9 36 15
8 36 15
8 36 14
9 36 14
10 36 14
11 36 14
12 36 14
13 36 14
14 36 14
14 37 14
13 37 14
13 38 14
12 38 14
11 38 14
10 38 14
9 38 14
8 38 14
7 38 14
6 38 14
6 38 13
7 38 13
8 38 13
9 38 13
10 38 13
11 38 13
12 38 13
13 38 13
14 38 13
14 37 13
15 37 13
15 36 13
14 36 13
13 36 13
12 36 13
11 36 13
10 36 13
9 36 13
8 36 13
8 37 13
8 37 12
8 36 12
9 36 12
10 36 12
11 36 12
12 36 12
13 36 12
14 36 12
15 36 12
16 36 12
16 37 12
15 37 12
15 38 12
14 38 12
13 38 12
12 38 12
11 38 12
10 38 12
9 38 12
8 38 12
7 38 12
7 38 11
8 38 11
9 38 11
10 38 11
11 38 11
12 38 11
13 38 11
14 38 11
15 38 11
16 38 11
16 37 11
16 36 11
15 36 11
14 36 11
13 36 11
12 36 11
11 36 11
10 36 11
9 36 11
9 37 11
9 37 10
9 36 10
10 36 10
11 36 10
12 36 10
13 36 10
14 36 10
15 36 10
16 36 10
17 36 10
18 36 10
19 36 10
20 36 10
20 37 10
19 37 10
19 38 10
18 38 10
17 38 10
16 38 10
15 38 10
14 38 10
13 38 10
12 38 10
11 38 10
10 38 10
9 38 10
8 38 10
8 38 9
8 38 8
8 38 7
8 38 6
8 37 6
8 36 6
9 36 6
9 35 6
10 35 6
10 36 6
10 37 6
10 38 6
11 38 6
12 38 6
13 38 6
14 38 6
14 39 6
15 39 6
16 39 6
17 39 6
18 39 6
19 39 6
19 40 6
20 40 6
21 40 6
22 40 6
23 40 6
24 40 6
25 40 6
26 40 6
27 40 6
27 39 6
28 39 6
29 39 6
30 39 6
31 39 6
32 39 6
33 39 6
34 39 6
35 39 6
36 39 6
37 39 6
38 39 6
38 40 6
39 40 6
40 40 6
41 40 6
42 40 6
43 40 6
44 40 6
44 41 6
44 42 6
44 43 6
44 44 6
43 44 6
43 45 6
43 46 6
42 46 6
42 47 6
42 48 6
42 49 6
41 49 6
41 50 6
41 51 6
40 51 6
40 52 6
40 53 6
40 54 6
40 55 6
40 56 6
40 57 6
40 58 6
39 58 6
39 59 6
39 60 6
38 60 6
37 60 6
37 61 6
37 62 6
38 62 6
39 62 6
39 63 6
39 64 6
39 65 6
39 66 6
40 66 6
40 65 6
41 65 6
41 64 6
42 64 6
42 63 6
42 62 6
43 62 6
43 61 6
43 60 6
44 60 6
44 59 6
44 58 6
45 58 6
45 57 6
45 56 6
46 56 6
46 55 6
46 54 6
47 54 6
47 53 6
47 52 6
48 52 6
48 51 6
49 51 6
49 50 6
49 49 6
50 49 6
51 49 6
51 48 6
51 47 6
51 46 6
51 45 6
51 44 6
52 44 6
52 43 6
52 42 6
53 42 6
53 41 6
53 40 6
54 40 6
55 40 6
56 40 6
57 40 6
58 40 6
59 40 6
60 40 6
61 40 6
62 40 6
63 40 6
64 40 6
65 40 6
66 40 6
67 40 6
67 39 6
68 39 6
69 39 6
70 39 6
71 39 6
72 39 6
73 39 6
74 39 6
74 38 6
75 38 6
76 38 6
76 37 6
75 37 6
75 36 6
74 36 6
73 36 6
73 35 6
72 35 6
71 35 6
70 35 6
69 35 6
68 35 6
67 35 6
66 35 6
65 35 6
64 35 6
63 35 6
62 35 6
61 35 6
60 35 6
59 35 6
58 35 6
57 35 6
57 34 6
56 34 6
55 34 6
54 34 6
53 34 6
53 33 6
53 32 6
52 32 6
52 31 6
52 30 6
51 30 6
51 29 6
51 28 6
51 27 6
51 26 6
51 25 6
50 25 6
49 25 6
49 24 6
49 23 6
48 23 6
48 22 6
48 21 6
47 21 6
47 20 6
46 20 6
46 19 6
46 18 6
45 18 6
45 17 6
45 16 6
44 16 6
44 15 6
44 14 6
43 14 6
43 13 6
43 12 6
42 12 6
42 11 6
42 10 6
41 10 6
41 9 6
40 9 6
40 8 6
40 7 6
39 7 6
38 7 6
37 7 6
37 8 6
38 8 6
38 9 6
38 10 6
38 11 6
38 12 6
38 13 6
38 14 6
39 14 6
39 15 6
39 16 6
40 16 6
40 17 6
40 18 6
40 19 6
40 20 6
41 20 6
41 21 6
41 22 6
42 22 6
42 23 6
42 24 6
42 25 6
42 26 6
42 27 6
42 28 6
43 28 6
43 29 6
43 30 6
44 30 6
44 31 6
44 32 6
44 33 6
44 34 6
43 34 6
42 34 6
41 34 6
40 34 6
39 34 6
38 34 6
37 34 6
36 34 6
35 34 6
34 34 6
33 34 6
32 34 6
31 34 6
30 34 6
29 34 6
28 34 6
27 34 6
26 34 6
25 34 6
24 34 6
23 34 6
22 34 6
21 34 6
20 34 6
19 34 6
18 34 6
18 35 6
17 35 6
16 35 6
15 35 6
15 36 6
16 36 6
17 36 6
18 36 6
19 36 6
19 35 6
20 35 6
20 36 6
20 37 6
21 37 6
21 38 6
22 38 6
23 38 6
24 38 6
25 38 6
25 37 6
26 37 6
27 37 6
28 37 6
29 37 6
30 37 6
31 37 6
32 37 6
33 37 6
34 37 6
35 37 6
36 37 6
37 37 6
38 37 6
39 37 6
40 37 6
40 38 6
41 38 6
42 38 6
43 38 6
44 38 6
45 38 6
46 38 6
46 39 6
46 40 6
46 41 6
46 42 6
46 43 6
46 44 6
46 45 6
46 46 6
45 46 6
45 47 6
45 48 6
44 48 6
44 49 6
44 50 6
44 51 6
43 51 6
43 52 6
43 53 6
42 53 6
42 54 6
42 55 6
42 56 6
43 56 6
43 55 6
43 54 6
44 54 6
44 53 6
44 52 6
45 52 6
45 51 6
45 50 6
46 50 6
46 50 5
47 50 5
48 50 5
49 50 5
50 50 5
51 50 5
51 51 5
52 51 5
52 50 5
52 49 5
53 49 5
54 49 5
55 49 5
55 50 5
54 50 5
53 50 5
53 51 5
54 51 5
55 51 5
56 51 5
56 50 5
56 49 5
56 48 5
55 48 5
54 48 5
53 48 5
52 48 5
51 48 5
51 49 5
50 49 5
49 49 5
48 49 5
48 49 4
49 49 4
50 49 4
51 49 4
51 48 4
52 48 4
52 49 4
52 50 4
53 50 4
54 50 4
55 50 4
55 49 4
54 49 4
53 49 4
53 48 4
54 48 4
55 48 4
56 48 4
56 49 4
56 50 4
56 51 4
55 51 4
54 51 4
53 51 4
52 51 4
51 51 4
51 50 4
50 50 4
49 50 4
48 50 4
47 50 4
47 50 3
48 50 3
49 50 3
49 51 3
50 51 3
50 50 3
50 49 3
51 49 3
52 49 3
53 49 3
54 49 3
55 49 3
55 50 3
54 50 3
53 50 3
52 50 3
51 50 3
51 51 3
52 51 3
53 51 3
54 51 3
55 51 3
56 51 3
56 50 3
56 49 3
56 48 3
55 48 3
54 48 3
53 48 3
52 48 3
52 48 2
52 49 2
52 50 2
53 50 2
54 50 2
55 50 2
55 49 2
54 49 2
53 49 2
53 48 2
54 48 2
55 48 2
56 48 2
56 49 2
56 50 2
56 51 2
55 51 2
54 51 2
53 51 2
52 51 2
51 51 2
51 50 2
50 50 2
49 50 2
49 49 2
50 49 2
51 49 2
51 48 2
51 48 3
50 48 3
49 48 3
49 49 3
48 49 3
47 49 3
47 49 4
47 49 5
46 49 5
46 49 6
47 49 6
47 48 6
47 47 6
48 47 6
49 47 6
49 46 6
49 45 6
49 44 6
49 43 6
49 42 6
50 42 6
50 41 6
50 40 6
51 40 6
51 39 6
51 38 6
52 38 6
53 38 6
54 38 6
55 38 6
56 38 6
57 38 6
58 38 6
59 38 6
60 38 6
61 38 6
62 38 6
63 38 6
64 38 6
65 38 6
65 37 6
64 37 6
63 37 6
62 37 6
61 37 6
60 37 6
59 37 6
58 37 6
57 37 6
56 37 6
55 37 6
55 36 6
54 36 6
53 36 6
52 36 6
51 36 6
51 35 6
51 34 6
50 34 6
50 33 6
50 32 6
49 32 6
49 31 6
49 30 6
49 29 6
49 28 6
49 27 6
48 27 6
47 27 6
47 26 6
47 25 6
47 25 5
48 25 5
49 25 5
50 25 5
51 25 5
51 26 5
52 26 5
52 25 5
52 24 5
53 24 5
54 24 5
54 25 5
53 25 5
53 26 5
54 26 5
55 26 5
56 26 5
56 25 5
56 24 5
55 24 5
55 23 5
54 23 5
53 23 5
52 23 5
51 23 5
51 24 5
50 24 5
49 24 5
48 24 5
48 24 4
49 24 4
50 24 4
51 24 4
51 23 4
52 23 4
52 24 4
52 25 4
53 25 4
54 25 4
55 25 4
55 24 4
54 24 4
53 24 4
53 23 4
54 23 4
55 23 4
56 23 4
56 24 4
56 25 4
56 26 4
55 26 4
54 26 4
53 26 4
52 26 4
51 26 4
51 25 4
50 25 4
49 25 4
48 25 4
47 25 4
47 25 3
48 25 3
49 25 3
49 26 3
50 26 3
51 26 3
51 25 3
51 24 3
52 24 3
53 24 3
54 24 3
55 24 3
55 25 3
54 25 3
53 25 3
52 25 3
52 26 3
53 26 3
54 26 3
55 26 3
56 26 3
56 25 3
56 24 3
56 23 3
55 23 3
54 23 3
53 23 3
52 23 3
51 23 3
50 23 3
50 24 3
50 24 2
51 24 2
51 23 2
52 23 2
52 24 2
52 25 2
53 25 2
54 25 2
55 25 2
55 24 2
54 24 2
53 24 2
53 23 2
54 23 2
55 23 2
56 23 2
56 24 2
56 25 2
56 26 2
55 26 2
54 26 2
53 26 2
52 26 2
51 26 2
51 25 2
50 25 2
49 25 2
49 24 2
49 24 3
48 24 3
47 24 3
47 24 4
47 24 5
46 24 5
45 24 5
45 25 5
46 25 5
46 25 6
46 24 6
46 23 6
45 23 6
45 22 6
44 22 6
44 23 6
44 24 6
44 25 6
44 26 6
45 26 6
45 27 6
45 28 6
46 28 6
47 28 6
48 28 6
48 29 6
48 30 6
48 31 6
48 32 6
48 33 6
49 33 6
49 34 6
49 35 6
50 35 6
50 36 6
50 37 6
50 38 6
50 39 6
49 39 6
49 40 6
49 41 6
48 41 6
48 42 6
48 43 6
48 44 6
48 45 6
48 46 6
47 46 6
47 45 6
47 44 6
47 43 6
47 42 6
47 41 6
47 40 6
47 39 6
47 38 6
47 37 6
48 37 6
48 38 6
49 38 6
49 37 6
49 36 6
48 36 6
47 36 6
47 35 6
47 34 6
47 33 6
47 32 6
47 31 6
47 30 6
47 29 6
46 29 6
46 30 6
46 31 6
46 32 6
46 33 6
46 34 6
46 35 6
46 36 6
45 36 6
44 36 6
43 36 6
42 36 6
41 36 6
40 36 6
39 36 6
38 36 6
37 36 6
36 36 6
35 36 6
34 36 6
33 36 6
32 36 6
31 36 6
30 36 6
29 36 6
28 36 6
27 36 6
26 36 6
25 36 6
24 36 6
23 36 6
22 36 6
21 36 6
21 35 6
22 35 6
23 35 6
24 35 6
25 35 6
26 35 6
27 35 6
28 35 6
29 35 6
30 35 6
31 35 6
32 35 6
33 35 6
34 35 6
35 35 6
36 35 6
37 35 6
38 35 6
39 35 6
40 35 6
41 35 6
42 35 6
43 35 6
44 35 6
45 35 6
45 34 6
45 33 6
45 32 6
45 31 6
45 30 6
45 29 6
44 29 6
44 28 6
44 27 6
43 27 6
43 26 6
43 25 6
43 24 6
43 23 6
43 22 6
43 21 6
42 21 6
42 20 6
42 19 6
41 19 6
41 18 6
41 17 6
41 16 6
41 15 6
40 15 6
40 14 6
40 13 6
39 13 6
39 12 6
39 11 6
39 10 6
40 10 6
40 11 6
41 11 6
41 12 6
41 13 6
42 13 6
42 14 6
42 15 6
43 15 6
43 16 6
43 17 6
44 17 6
44 18 6
44 19 6
45 19 6
45 20 6
45 21 6
46 21 6
46 22 6
47 22 6
47 23 6
47 24 6
48 24 6
48 25 6
48 26 6
49 26 6
50 26 6
50 27 6
50 28 6
50 29 6
50 30 6
50 31 6
51 31 6
51 32 6
51 33 6
52 33 6
52 34 6
52 35 6
53 35 6
54 35 6
55 35 6
56 35 6
56 36 6
57 36 6
58 36 6
59 36 6
60 36 6
61 36 6
62 36 6
63 36 6
64 36 6
65 36 6
66 36 6
67 36 6
68 36 6
69 36 6
70 36 6
71 36 6
72 36 6
72 37 6
73 37 6
73 38 6
72 38 6
71 38 6
70 38 6
69 38 6
68 38 6
67 38 6
66 38 6
66 39 6
65 39 6
64 39 6
63 39 6
62 39 6
61 39 6
60 39 6
59 39 6
58 39 6
57 39 6
56 39 6
55 39 6
54 39 6
53 39 6
52 39 6
52 40 6
52 41 6
51 41 6
51 42 6
51 43 6
50 43 6
50 44 6
50 45 6
50 46 6
50 47 6
50 48 6
49 48 6
48 48 6
48 49 6
48 50 6
47 50 6
47 51 6
46 51 6
46 52 6
46 53 6
45 53 6
45 54 6
45 55 6
44 55 6
44 56 6
44 57 6
43 57 6
43 58 6
43 59 6
42 59 6
42 60 6
42 61 6
41 61 6
41 62 6
41 63 6
40 63 6
40 62 6
40 61 6
40 60 6
40 59 6
41 59 6
41 58 6
41 57 6
41 56 6
41 55 6
41 54 6
41 53 6
41 52 6
42 52 6
42 51 6
42 50 6
43 50 6
43 49 6
43 48 6
43 47 6
44 47 6
44 46 6
44 45 6
45 45 6
45 44 6
45 43 6
45 42 6
45 41 6
45 40 6
45 39 6
44 39 6
43 39 6
42 39 6
41 39 6
40 39 6
39 39 6
39 38 6
38 38 6
37 38 6
36 38 6
35 38 6
34 38 6
33 38 6
32 38 6
31 38 6
30 38 6
29 38 6
28 38 6
27 38 6
26 38 6
26 39 6
25 39 6
24 39 6
23 39 6
22 39 6
21 39 6
20 39 6
20 38 6
19 38 6
18 38 6
17 38 6
16 38 6
15 38 6
15 37 6
14 37 6
14 36 6
14 35 6
13 35 6
13 36 6
12 36 6
11 36 6
11 36 5
12 36 5
13 36 5
14 36 5
14 35 5
15 35 5
15 35 4
16 35 4
16 34 4
17 34 4
17 35 4
17 36 4
16 36 4
16 37 4
16 38 4
17 38 4
17 39 4
18 39 4
18 38 4
18 37 4
18 37 3
18 38 3
19 38 3
19 39 3
19 40 3
20 40 3
21 40 3
22 40 3
22 41 3
23 41 3
24 41 3
25 41 3
26 41 3
27 41 3
28 41 3
29 41 3
30 41 3
31 41 3
32 41 3
33 41 3
34 41 3
35 41 3
36 41 3
37 41 3
38 41 3
39 41 3
40 41 3
41 41 3
42 41 3
43 41 3
44 41 3
45 41 3
46 41 3
47 41 3
48 41 3
49 41 3
50 41 3
51 41 3
52 41 3
53 41 3
54 41 3
55 41 3
56 41 3
57 41 3
58 41 3
59 41 3
60 41 3
61 41 3
62 41 3
63 41 3
64 41 3
65 41 3
66 41 3
67 41 3
68 41 3
69 41 3
70 41 3
71 41 3
72 41 3
73 41 3
73 40 3
74 40 3
75 40 3
76 40 3
77 40 3
77 39 3
78 39 3
78 38 3
79 38 3
79 37 3
79 36 3
78 36 3
78 35 3
77 35 3
76 35 3
76 34 3
75 34 3
74 34 3
73 34 3
72 34 3
72 33 3
71 33 3
70 33 3
69 33 3
68 33 3
67 33 3
66 33 3
65 33 3
64 33 3
63 33 3
62 33 3
61 33 3
60 33 3
59 33 3
58 33 3
57 33 3
56 33 3
55 33 3
54 33 3
53 33 3
52 33 3
51 33 3
50 33 3
49 33 3
48 33 3
47 33 3
46 33 3
45 33 3
44 33 3
43 33 3
42 33 3
41 33 3
40 33 3
39 33 3
38 33 3
37 33 3
36 33 3
35 33 3
34 33 3
33 33 3
32 33 3
31 33 3
30 33 3
29 33 3
28 33 3
27 33 3
26 33 3
25 33 3
24 33 3
23 33 3
22 33 3
21 33 3
21 34 3
20 34 3
19 34 3
19 35 3
20 35 3
21 35 3
22 35 3
22 34 3
23 34 3
24 34 3
25 34 3
26 34 3
27 34 3
28 34 3
29 34 3
30 34 3
31 34 3
32 34 3
33 34 3
34 34 3
35 34 3
36 34 3
37 34 3
38 34 3
39 34 3
40 34 3
41 34 3
42 34 3
43 34 3
44 34 3
45 34 3
46 34 3
47 34 3
48 34 3
49 34 3
50 34 3
51 34 3
52 34 3
53 34 3
54 34 3
55 34 3
56 34 3
57 34 3
58 34 3
59 34 3
60 34 3
61 34 3
62 34 3
63 34 3
64 34 3
65 34 3
66 34 3
67 34 3
68 34 3
69 34 3
70 34 3
71 34 3
71 35 3
72 35 3
73 35 3
74 35 3
75 35 3
75 36 3
76 36 3
77 36 3
77 37 3
77 38 3
76 38 3
76 39 3
75 39 3
74 39 3
73 39 3
72 39 3
72 40 3
71 40 3
70 40 3
69 40 3
68 40 3
67 40 3
66 40 3
65 40 3
64 40 3
63 40 3
62 40 3
61 40 3
60 40 3
59 40 3
58 40 3
57 40 3
56 40 3
55 40 3
54 40 3
53 40 3
52 40 3
51 40 3
50 40 3
49 40 3
48 40 3
47 40 3
46 40 3
45 40 3
44 40 3
43 40 3
42 40 3
41 40 3
40 40 3
39 40 3
38 40 3
37 40 3
36 40 3
35 40 3
34 40 3
33 40 3
32 40 3
31 40 3
30 40 3
29 40 3
28 40 3
27 40 3
26 40 3
25 40 3
24 40 3
23 40 3
23 39 3
22 39 3
21 39 3
20 39 3
20 38 3
20 37 3
21 37 3
21 38 3
22 38 3
23 38 3
24 38 3
24 39 3
25 39 3
26 39 3
27 39 3
28 39 3
29 39 3
30 39 3
31 39 3
32 39 3
33 39 3
34 39 3
35 39 3
36 39 3
37 39 3
38 39 3
39 39 3
40 39 3
41 39 3
42 39 3
43 39 3
44 39 3
45 39 3
46 39 3
47 39 3
48 39 3
49 39 3
50 39 3
51 39 3
52 39 3
53 39 3
54 39 3
55 39 3
56 39 3
57 39 3
58 39 3
59 39 3
60 39 3
61 39 3
62 39 3
63 39 3
64 39 3
65 39 3
66 39 3
67 39 3
68 39 3
69 39 3
70 39 3
71 39 3
71 38 3
72 38 3
73 38 3
74 38 3
75 38 3
75 37 3
74 37 3
74 36 3
73 36 3
72 36 3
71 36 3
70 36 3
70 35 3
69 35 3
68 35 3
67 35 3
66 35 3
65 35 3
64 35 3
63 35 3
62 35 3
61 35 3
60 35 3
59 35 3
58 35 3
57 35 3
56 35 3
55 35 3
54 35 3
53 35 3
52 35 3
51 35 3
50 35 3
49 35 3
48 35 3
47 35 3
46 35 3
45 35 3
44 35 3
43 35 3
42 35 3
41 35 3
40 35 3
39 35 3
38 35 3
37 35 3
36 35 3
35 35 3
34 35 3
33 35 3
32 35 3
31 35 3
30 35 3
29 35 3
28 35 3
27 35 3
26 35 3
25 35 3
25 36 3
26 36 3
27 36 3
28 36 3
29 36 3
30 36 3
31 36 3
32 36 3
33 36 3
34 36 3
35 36 3
36 36 3
37 36 3
38 36 3
39 36 3
40 36 3
41 36 3
42 36 3
43 36 3
44 36 3
45 36 3
46 36 3
47 36 3
48 36 3
49 36 3
50 36 3
51 36 3
52 36 3
53 36 3
54 36 3
55 36 3
56 36 3
57 36 3
58 36 3
59 36 3
60 36 3
61 36 3
62 36 3
63 36 3
64 36 3
65 36 3
66 36 3
67 36 3
68 36 3
69 36 3
69 37 3
70 37 3
70 38 3
69 38 3
68 38 3
67 38 3
66 38 3
65 38 3
64 38 3
63 38 3
62 38 3
61 38 3
60 38 3
59 38 3
58 38 3
57 38 3
56 38 3
55 38 3
54 38 3
53 38 3
52 38 3
51 38 3
50 38 3
49 38 3
48 38 3
47 38 3
46 38 3
45 38 3
44 38 3
43 38 3
42 38 3
41 38 3
40 38 3
39 38 3
38 38 3
37 38 3
36 38 3
35 38 3
34 38 3
33 38 3
32 38 3
31 38 3
30 38 3
29 38 3
28 38 3
27 38 3
26 38 3
25 38 3
25 37 3
24 37 3
24 36 3
24 36 2
23 36 2
22 36 2
22 35 2
23 35 2
23 34 2
24 34 2
25 34 2
25 33 2
26 33 2
27 33 2
28 33 2
29 33 2
30 33 2
31 33 2
32 33 2
33 33 2
34 33 2
35 33 2
36 33 2
36 32 2
37 32 2
38 32 2
39 32 2
40 32 2
41 32 2
42 32 2
43 32 2
44 32 2
45 32 2
46 32 2
47 32 2
48 32 2
49 32 2
50 32 2
51 32 2
52 32 2
52 33 2
53 33 2
54 33 2
55 33 2
56 33 2
57 33 2
58 33 2
59 33 2
60 33 2
61 33 2
62 33 2
63 33 2
64 33 2
65 33 2
66 33 2
67 33 2
68 33 2
69 33 2
70 33 2
71 33 2
71 34 2
72 34 2
73 34 2
74 34 2
75 34 2
76 34 2
76 35 2
77 35 2
77 36 2
78 36 2
78 37 2
78 38 2
78 39 2
77 39 2
76 39 2
76 40 2
75 40 2
74 40 2
73 40 2
73 41 2
72 41 2
71 41 2
70 41 2
69 41 2
68 41 2
67 41 2
66 41 2
65 41 2
64 41 2
63 41 2
62 41 2
61 41 2
60 41 2
59 41 2
58 41 2
57 41 2
56 41 2
55 41 2
54 41 2
53 41 2
53 42 2
52 42 2
51 42 2
50 42 2
49 42 2
48 42 2
47 42 2
46 42 2
45 42 2
44 42 2
43 42 2
42 42 2
41 42 2
40 42 2
39 42 2
38 42 2
37 42 2
36 42 2
36 41 2
35 41 2
34 41 2
33 41 2
32 41 2
31 41 2
30 41 2
29 41 2
28 41 2
27 41 2
26 41 2
25 41 2
25 40 2
24 40 2
23 40 2
23 39 2
22 39 2
22 38 2
22 37 2
23 37 2
23 38 2
24 38 2
24 39 2
25 39 2
25 38 2
25 37 2
25 36 2
26 36 2
27 36 2
27 35 2
28 35 2
28 35 1
29 35 1
29 36 1
29 37 1
29 38 1
30 38 1
31 38 1
32 38 1
32 39 1
33 39 1
34 39 1
35 39 1
36 39 1
37 39 1
38 39 1
38 40 1
39 40 1
40 40 1
41 40 1
42 40 1
43 40 1
44 40 1
45 40 1
46 40 1
47 40 1
48 40 1
49 40 1
50 40 1
51 40 1
51 39 1
52 39 1
53 39 1
54 39 1
55 39 1
56 39 1
57 39 1
58 39 1
59 39 1
60 39 1
61 39 1
62 39 1
63 39 1
64 39 1
65 39 1
66 39 1
67 39 1
67 38 1
68 38 1
69 38 1
70 38 1
71 38 1
72 38 1
72 37 1
71 37 1
71 36 1
70 36 1
69 36 1
68 36 1
67 36 1
66 36 1
66 35 1
65 35 1
64 35 1
63 35 1
62 35 1
61 35 1
60 35 1
59 35 1
58 35 1
57 35 1
56 35 1
55 35 1
54 35 1
53 35 1
52 35 1
51 35 1
50 35 1
50 34 1
49 34 1
48 34 1
47 34 1
46 34 1
45 34 1
44 34 1
43 34 1
42 34 1
41 34 1
40 34 1
39 34 1
38 34 1
38 35 1
37 35 1
36 35 1
35 35 1
34 35 1
33 35 1
33 36 1
34 36 1
35 36 1
36 36 1
37 36 1
38 36 1
39 36 1
39 35 1
40 35 1
40 36 1
40 37 1
40 38 1
41 38 1
42 38 1
43 38 1
44 38 1
45 38 1
46 38 1
47 38 1
48 38 1
49 38 1
49 37 1
48 37 1
48 36 1
47 36 1
46 36 1
45 36 1
44 36 1
43 36 1
42 36 1
41 36 1
41 35 1
42 35 1
43 35 1
44 35 1
45 35 1
46 35 1
47 35 1
48 35 1
49 35 1
49 36 1
50 36 1
51 36 1
52 36 1
53 36 1
54 36 1
55 36 1
56 36 1
57 36 1
58 36 1
59 36 1
60 36 1
61 36 1
62 36 1
63 36 1
64 36 1
65 36 1
65 37 1
66 37 1
66 38 1
65 38 1
64 38 1
63 38 1
62 38 1
61 38 1
60 38 1
59 38 1
58 38 1
57 38 1
56 38 1
55 38 1
54 38 1
53 38 1
52 38 1
51 38 1
50 38 1
50 39 1
49 39 1
48 39 1
47 39 1
46 39 1
45 39 1
44 39 1
43 39 1
42 39 1
41 39 1
40 39 1
39 39 1
39 38 1
38 38 1
37 38 1
36 38 1
35 38 1
34 38 1
33 38 1
33 37 1
32 37 1
32 36 1
32 35 1
32 35 0
33 35 0
33 34 0
34 34 0
35 34 0
35 33 0
36 33 0
37 33 0
38 33 0
39 33 0
40 33 0
41 33 0
42 33 0
43 33 0
44 33 0
45 33 0
46 33 0
47 33 0
48 33 0
49 33 0
50 33 0
51 33 0
52 33 0
53 33 0
54 33 0
54 34 0
55 34 0
56 34 0
56 35 0
57 35 0
58 35 0
59 35 0
60 35 0
61 35 0
62 35 0
63 35 0
64 35 0
65 35 0
66 35 0
67 35 0
68 35 0
68 36 0
69 36 0
69 37 0
69 38 0
69 39 0
68 39 0
67 39 0
67 40 0
66 40 0
65 40 0
64 40 0
63 40 0
62 40 0
61 40 0
60 40 0
59 40 0
58 40 0
57 40 0
56 40 0
55 40 0
54 40 0
54 41 0
53 41 0
52 41 0
51 41 0
50 41 0
49 41 0
48 41 0
47 41 0
46 41 0
45 41 0
44 41 0
43 41 0
42 41 0
41 41 0
40 41 0
39 41 0
38 41 0
37 41 0
36 41 0
35 41 0
35 40 0
34 40 0
33 40 0
33 39 0
32 39 0
31 39 0
31 38 0
31 37 0
32 37 0
32 38 0
33 38 0
34 38 0
34 39 0
35 39 0
35 38 0
35 37 0
35 36 0
36 36 0
37 36 0
37 35 0
38 35 0
38 36 0
38 37 0
38 38 0
39 38 0
40 38 0
41 38 0
42 38 0
43 38 0
44 38 0
45 38 0
46 38 0
47 38 0
48 38 0
49 38 0
50 38 0
51 38 0
51 37 0
51 36 0
50 36 0
49 36 0
48 36 0
47 36 0
46 36 0
45 36 0
44 36 0
43 36 0
42 36 0
41 36 0
40 36 0
39 36 0
39 35 0
40 35 0
41 35 0
42 35 0
43 35 0
44 35 0
45 35 0
46 35 0
47 35 0
48 35 0
49 35 0
50 35 0
51 35 0
52 35 0
52 36 0
53 36 0
54 36 0
54 37 0
55 37 0
56 37 0
57 37 0
58 37 0
59 37 0
60 37 0
61 37 0
62 37 0
63 37 0
64 37 0
65 37 0
65 38 0
64 38 0
63 38 0
62 38 0
61 38 0
60 38 0
59 38 0
58 38 0
57 38 0
56 38 0
55 38 0
54 38 0
53 38 0
52 38 0
52 39 0
51 39 0
50 39 0
49 39 0
48 39 0
47 39 0
46 39 0
45 39 0
44 39 0
43 39 0
42 39 0
41 39 0
40 39 0
39 39 0
38 39 0
37 39 0
37 38 0
36 38 0
36 39 0
36 40 0
37 40 0
38 40 0
39 40 0
40 40 0
41 40 0
42 40 0
43 40 0
44 40 0
45 40 0
46 40 0
47 40 0
48 40 0
49 40 0
50 40 0
51 40 0
52 40 0
53 40 0
53 39 0
54 39 0
55 39 0
56 39 0
57 39 0
58 39 0
59 39 0
60 39 0
61 39 0
62 39 0
63 39 0
64 39 0
65 39 0
66 39 0
66 38 0
67 38 0
68 38 0
68 37 0
67 37 0
67 36 0
66 36 0
65 36 0
64 36 0
63 36 0
62 36 0
61 36 0
60 36 0
59 36 0
58 36 0
57 36 0
56 36 0
55 36 0
55 35 0
54 35 0
53 35 0
53 34 0
52 34 0
51 34 0
50 34 0
49 34 0
48 34 0
47 34 0
46 34 0
45 34 0
44 34 0
43 34 0
42 34 0
41 34 0
40 34 0
39 34 0
38 34 0
37 34 0
36 34 0
36 35 0
35 35 0
34 35 0
34 36 0
33 36 0
32 36 0
31 36 0
31 35 0
31 35 1
31 36 1
30 36 1
30 35 1
30 34 1
31 34 1
32 34 1
33 34 1
34 34 1
35 34 1
36 34 1
37 34 1
37 33 1
38 33 1
39 33 1
40 33 1
41 33 1
42 33 1
43 33 1
44 33 1
45 33 1
46 33 1
47 33 1
48 33 1
49 33 1
50 33 1
51 33 1
51 34 1
52 34 1
53 34 1
54 34 1
55 34 1
56 34 1
57 34 1
58 34 1
59 34 1
60 34 1
61 34 1
62 34 1
63 34 1
64 34 1
65 34 1
66 34 1
67 34 1
67 35 1
68 35 1
69 35 1
70 35 1
71 35 1
72 35 1
72 36 1
73 36 1
73 37 1
74 37 1
74 38 1
73 38 1
73 39 1
72 39 1
71 39 1
70 39 1
69 39 1
68 39 1
68 40 1
67 40 1
66 40 1
65 40 1
64 40 1
63 40 1
62 40 1
61 40 1
60 40 1
59 40 1
58 40 1
57 40 1
56 40 1
55 40 1
54 40 1
53 40 1
52 40 1
52 41 1
51 41 1
50 41 1
49 41 1
48 41 1
47 41 1
46 41 1
45 41 1
44 41 1
43 41 1
42 41 1
41 41 1
40 41 1
39 41 1
38 41 1
37 41 1
37 40 1
36 40 1
35 40 1
34 40 1
33 40 1
32 40 1
31 40 1
31 39 1
30 39 1
29 39 1
28 39 1
28 38 1
27 38 1
27 37 1
26 37 1
26 38 1
26 39 1
27 39 1
27 40 1
28 40 1
29 40 1
30 40 1
30 41 1
31 41 1
32 41 1
33 41 1
34 41 1
35 41 1
36 41 1
36 42 1
37 42 1
38 42 1
39 42 1
40 42 1
41 42 1
42 42 1
43 42 1
44 42 1
45 42 1
46 42 1
47 42 1
48 42 1
49 42 1
50 42 1
51 42 1
52 42 1
53 42 1
53 41 1
54 41 1
55 41 1
56 41 1
57 41 1
58 41 1
59 41 1
60 41 1
61 41 1
62 41 1
63 41 1
64 41 1
65 41 1
66 41 1
67 41 1
68 41 1
69 41 1
69 40 1
70 40 1
71 40 1
72 40 1
73 40 1
74 40 1
74 39 1
75 39 1
75 38 1
76 38 1
76 37 1
76 36 1
75 36 1
74 36 1
74 35 1
73 35 1
73 34 1
72 34 1
71 34 1
70 34 1
69 34 1
68 34 1
68 33 1
67 33 1
66 33 1
65 33 1
64 33 1
63 33 1
62 33 1
61 33 1
60 33 1
59 33 1
58 33 1
57 33 1
56 33 1
55 33 1
54 33 1
53 33 1
52 33 1
52 32 1
51 32 1
50 32 1
49 32 1
48 32 1
47 32 1
46 32 1
45 32 1
44 32 1
43 32 1
42 32 1
41 32 1
40 32 1
39 32 1
38 32 1
37 32 1
36 32 1
36 33 1
35 33 1
34 33 1
33 33 1
32 33 1
31 33 1
30 33 1
29 33 1
29 34 1
28 34 1
27 34 1
27 35 1
26 35 1
26 36 1
27 36 1
28 36 1
28 36 2
28 37 2
28 38 2
29 38 2
30 38 2
31 38 2
32 38 2
33 38 2
34 38 2
35 38 2
36 38 2
37 38 2
38 38 2
39 38 2
39 39 2
40 39 2
40 38 2
40 37 2
40 36 2
41 36 2
42 36 2
43 36 2
44 36 2
45 36 2
46 36 2
47 36 2
48 36 2
48 37 2
49 37 2
49 38 2
48 38 2
47 38 2
46 38 2
45 38 2
44 38 2
43 38 2
42 38 2
41 38 2
41 39 2
42 39 2
43 39 2
44 39 2
45 39 2
46 39 2
47 39 2
48 39 2
49 39 2
50 39 2
50 38 2
51 38 2
52 38 2
53 38 2
54 38 2
55 38 2
56 38 2
57 38 2
58 38 2
59 38 2
60 38 2
61 38 2
62 38 2
63 38 2
64 38 2
65 38 2
66 38 2
67 38 2
68 38 2
69 38 2
70 38 2
70 37 2
69 37 2
68 37 2
68 36 2
67 36 2
66 36 2
65 36 2
64 36 2
63 36 2
62 36 2
61 36 2
60 36 2
59 36 2
58 36 2
57 36 2
56 36 2
55 36 2
54 36 2
53 36 2
52 36 2
51 36 2
50 36 2
49 36 2
49 35 2
48 35 2
47 35 2
46 35 2
45 35 2
44 35 2
43 35 2
42 35 2
41 35 2
40 35 2
39 35 2
39 36 2
38 36 2
37 36 2
36 36 2
35 36 2
34 36 2
33 36 2
32 36 2
31 36 2
30 36 2
29 36 2
29 35 2
30 35 2
31 35 2
32 35 2
33 35 2
34 35 2
35 35 2
36 35 2
37 35 2
38 35 2
38 34 2
39 34 2
40 34 2
41 34 2
42 34 2
43 34 2
44 34 2
45 34 2
46 34 2
47 34 2
48 34 2
49 34 2
50 34 2
50 35 2
51 35 2
52 35 2
53 35 2
54 35 2
55 35 2
56 35 2
57 35 2
58 35 2
59 35 2
60 35 2
61 35 2
62 35 2
63 35 2
64 35 2
65 35 2
66 35 2
67 35 2
68 35 2
69 35 2
69 36 2
70 36 2
71 36 2
72 36 2
73 36 2
74 36 2
74 37 2
74 38 2
73 38 2
72 38 2
71 38 2
71 39 2
70 39 2
69 39 2
68 39 2
67 39 2
66 39 2
65 39 2
64 39 2
63 39 2
62 39 2
61 39 2
60 39 2
59 39 2
58 39 2
57 39 2
56 39 2
55 39 2
54 39 2
53 39 2
52 39 2
51 39 2
51 40 2
50 40 2
49 40 2
48 40 2
47 40 2
46 40 2
45 40 2
44 40 2
43 40 2
42 40 2
41 40 2
40 40 2
39 40 2
38 40 2
38 39 2
37 39 2
36 39 2
35 39 2
34 39 2
33 39 2
32 39 2
31 39 2
30 39 2
29 39 2
28 39 2
27 39 2
27 38 2
26 38 2
26 39 2
26 40 2
27 40 2
28 40 2
29 40 2
30 40 2
31 40 2
32 40 2
33 40 2
34 40 2
35 40 2
36 40 2
37 40 2
37 41 2
38 41 2
39 41 2
40 41 2
41 41 2
42 41 2
43 41 2
44 41 2
45 41 2
46 41 2
47 41 2
48 41 2
49 41 2
50 41 2
51 41 2
52 41 2
52 40 2
53 40 2
54 40 2
55 40 2
56 40 2
57 40 2
58 40 2
59 40 2
60 40 2
61 40 2
62 40 2
63 40 2
64 40 2
65 40 2
66 40 2
67 40 2
68 40 2
69 40 2
70 40 2
71 40 2
72 40 2
72 39 2
73 39 2
74 39 2
75 39 2
75 38 2
76 38 2
77 38 2
77 37 2
76 37 2
76 36 2
75 36 2
75 35 2
74 35 2
73 35 2
72 35 2
71 35 2
70 35 2
70 34 2
69 34 2
68 34 2
67 34 2
66 34 2
65 34 2
64 34 2
63 34 2
62 34 2
61 34 2
60 34 2
59 34 2
58 34 2
57 34 2
56 34 2
55 34 2
54 34 2
53 34 2
52 34 2
51 34 2
51 33 2
50 33 2
49 33 2
48 33 2
47 33 2
46 33 2
45 33 2
44 33 2
43 33 2
42 33 2
41 33 2
40 33 2
39 33 2
38 33 2
37 33 2
37 34 2
36 34 2
35 34 2
34 34 2
33 34 2
32 34 2
31 34 2
30 34 2
29 34 2
28 34 2
27 34 2
26 34 2
26 35 2
25 35 2
24 35 2
24 35 3
23 35 3
23 36 3
22 36 3
21 36 3
20 36 3
19 36 3
18 36 3
18 36 4
19 36 4
20 36 4
20 35 4
21 35 4
21 36 4
21 37 4
22 37 4
22 38 4
23 38 4
24 38 4
25 38 4
26 38 4
27 38 4
28 38 4
29 38 4
30 38 4
31 38 4
32 38 4
33 38 4
34 38 4
35 38 4
36 38 4
37 38 4
38 38 4
39 38 4
40 38 4
41 38 4
42 38 4
43 38 4
44 38 4
45 38 4
46 38 4
47 38 4
48 38 4
49 38 4
50 38 4
51 38 4
52 38 4
53 38 4
54 38 4
55 38 4
56 38 4
57 38 4
58 38 4
59 38 4
60 38 4
61 38 4
62 38 4
63 38 4
64 38 4
65 38 4
66 38 4
67 38 4
68 38 4
69 38 4
69 37 4
68 37 4
68 36 4
67 36 4
66 36 4
65 36 4
64 36 4
63 36 4
62 36 4
61 36 4
60 36 4
59 36 4
58 36 4
57 36 4
56 36 4
55 36 4
54 36 4
53 36 4
52 36 4
51 36 4
50 36 4
49 36 4
48 36 4
47 36 4
46 36 4
45 36 4
44 36 4
43 36 4
42 36 4
41 36 4
40 36 4
39 36 4
38 36 4
37 36 4
36 36 4
35 36 4
34 36 4
33 36 4
32 36 4
31 36 4
30 36 4
29 36 4
28 36 4
27 36 4
26 36 4
25 36 4
24 36 4
23 36 4
22 36 4
22 35 4
23 35 4
24 35 4
25 35 4
26 35 4
27 35 4
28 35 4
29 35 4
30 35 4
31 35 4
32 35 4
33 35 4
34 35 4
35 35 4
36 35 4
37 35 4
38 35 4
39 35 4
40 35 4
41 35 4
42 35 4
43 35 4
44 35 4
45 35 4
46 35 4
47 35 4
48 35 4
49 35 4
50 35 4
51 35 4
52 35 4
53 35 4
54 35 4
55 35 4
56 35 4
57 35 4
58 35 4
59 35 4
60 35 4
61 35 4
62 35 4
63 35 4
64 35 4
65 35 4
66 35 4
67 35 4
68 35 4
69 35 4
69 36 4
70 36 4
71 36 4
72 36 4
73 36 4
74 36 4
74 37 4
74 38 4
73 38 4
72 38 4
71 38 4
70 38 4
70 39 4
69 39 4
68 39 4
67 39 4
66 39 4
65 39 4
64 39 4
63 39 4
62 39 4
61 39 4
60 39 4
59 39 4
58 39 4
57 39 4
56 39 4
55 39 4
54 39 4
53 39 4
52 39 4
51 39 4
50 39 4
49 39 4
48 39 4
47 39 4
46 39 4
45 39 4
44 39 4
43 39 4
42 39 4
41 39 4
40 39 4
39 39 4
38 39 4
37 39 4
36 39 4
35 39 4
34 39 4
33 39 4
32 39 4
31 39 4
30 39 4
29 39 4
28 39 4
27 39 4
26 39 4
25 39 4
24 39 4
23 39 4
22 39 4
21 39 4
21 38 4
20 38 4
19 38 4
19 39 4
20 39 4
20 40 4
21 40 4
22 40 4
23 40 4
24 40 4
25 40 4
26 40 4
27 40 4
28 40 4
29 40 4
30 40 4
31 40 4
32 40 4
33 40 4
34 40 4
35 40 4
36 40 4
37 40 4
38 40 4
39 40 4
40 40 4
41 40 4
42 40 4
43 40 4
44 40 4
45 40 4
46 40 4
47 40 4
48 40 4
49 40 4
50 40 4
51 40 4
52 40 4
53 40 4
54 40 4
55 40 4
56 40 4
57 40 4
58 40 4
59 40 4
60 40 4
61 40 4
62 40 4
63 40 4
64 40 4
65 40 4
66 40 4
67 40 4
68 40 4
69 40 4
70 40 4
71 40 4
71 39 4
72 39 4
73 39 4
74 39 4
75 39 4
75 38 4
76 38 4
77 38 4
77 37 4
77 36 4
76 36 4
75 36 4
75 35 4
74 35 4
73 35 4
72 35 4
71 35 4
70 35 4
70 34 4
69 34 4
68 34 4
67 34 4
66 34 4
65 34 4
64 34 4
63 34 4
62 34 4
61 34 4
60 34 4
59 34 4
58 34 4
57 34 4
56 34 4
55 34 4
54 34 4
53 34 4
52 34 4
51 34 4
50 34 4
49 34 4
48 34 4
47 34 4
46 34 4
45 34 4
44 34 4
43 34 4
42 34 4
41 34 4
40 34 4
39 34 4
38 34 4
37 34 4
36 34 4
35 34 4
34 34 4
33 34 4
32 34 4
31 34 4
30 34 4
29 34 4
28 34 4
27 34 4
26 34 4
25 34 4
24 34 4
23 34 4
22 34 4
21 34 4
20 34 4
19 34 4
19 35 4
18 35 4
18 34 4
18 33 4
19 33 4
20 33 4
21 33 4
22 33 4
23 33 4
24 33 4
25 33 4
26 33 4
27 33 4
28 33 4
29 33 4
30 33 4
31 33 4
32 33 4
33 33 4
34 33 4
35 33 4
36 33 4
37 33 4
38 33 4
39 33 4
40 33 4
41 33 4
42 33 4
43 33 4
44 33 4
45 33 4
46 33 4
47 33 4
48 33 4
49 33 4
50 33 4
51 33 4
52 33 4
53 33 4
54 33 4
55 33 4
56 33 4
57 33 4
58 33 4
59 33 4
60 33 4
61 33 4
62 33 4
63 33 4
64 33 4
65 33 4
66 33 4
67 33 4
68 33 4
69 33 4
70 33 4
71 33 4
71 34 4
72 34 4
73 34 4
74 34 4
75 34 4
76 34 4
76 35 4
77 35 4
78 35 4
78 36 4
79 36 4
79 37 4
79 38 4
78 38 4
78 39 4
77 39 4
76 39 4
76 40 4
75 40 4
74 40 4
73 40 4
72 40 4
72 41 4
71 41 4
70 41 4
69 41 4
68 41 4
67 41 4
66 41 4
65 41 4
64 41 4
63 41 4
62 41 4
61 41 4
60 41 4
59 41 4
58 41 4
57 41 4
56 41 4
55 41 4
54 41 4
53 41 4
52 41 4
51 41 4
50 41 4
49 41 4
48 41 4
47 41 4
46 41 4
45 41 4
44 41 4
43 41 4
42 41 4
41 41 4
40 41 4
39 41 4
38 41 4
37 41 4
36 41 4
35 41 4
34 41 4
33 41 4
32 41 4
31 41 4
30 41 4
29 41 4
28 41 4
27 41 4
26 41 4
25 41 4
24 41 4
23 41 4
22 41 4
21 41 4
20 41 4
19 41 4
19 40 4
18 40 4
17 40 4
16 40 4
16 39 4
15 39 4
15 38 4
14 38 4
14 37 4
14 36 4
15 36 4
15 36 5
15 37 5
15 38 5
16 38 5
17 38 5
18 38 5
19 38 5
20 38 5
20 39 5
21 39 5
22 39 5
23 39 5
24 39 5
25 39 5
26 39 5
27 39 5
28 39 5
29 39 5
30 39 5
31 39 5
32 39 5
33 39 5
34 39 5
35 39 5
36 39 5
37 39 5
38 39 5
39 39 5
40 39 5
41 39 5
42 39 5
43 39 5
44 39 5
45 39 5
46 39 5
47 39 5
48 39 5
49 39 5
50 39 5
51 39 5
52 39 5
53 39 5
54 39 5
55 39 5
56 39 5
57 39 5
58 39 5
59 39 5
60 39 5
61 39 5
62 39 5
63 39 5
64 39 5
65 39 5
66 39 5
67 39 5
68 39 5
69 39 5
69 38 5
70 38 5
71 38 5
72 38 5
73 38 5
74 38 5
74 37 5
73 37 5
73 36 5
72 36 5
71 36 5
70 36 5
69 36 5
68 36 5
67 36 5
67 35 5
66 35 5
65 35 5
64 35 5
63 35 5
62 35 5
61 35 5
60 35 5
59 35 5
58 35 5
57 35 5
56 35 5
55 35 5
54 35 5
53 35 5
52 35 5
51 35 5
50 35 5
49 35 5
48 35 5
47 35 5
46 35 5
45 35 5
44 35 5
43 35 5
42 35 5
41 35 5
40 35 5
39 35 5
38 35 5
37 35 5
36 35 5
35 35 5
34 35 5
33 35 5
32 35 5
31 35 5
30 35 5
29 35 5
28 35 5
27 35 5
26 35 5
25 35 5
24 35 5
23 35 5
22 35 5
21 35 5
21 36 5
22 36 5
23 36 5
24 36 5
25 36 5
26 36 5
27 36 5
28 36 5
29 36 5
30 36 5
31 36 5
32 36 5
33 36 5
34 36 5
35 36 5
36 36 5
37 36 5
38 36 5
39 36 5
40 36 5
41 36 5
42 36 5
43 36 5
44 36 5
45 36 5
46 36 5
47 36 5
48 36 5
49 36 5
50 36 5
51 36 5
52 36 5
53 36 5
54 36 5
55 36 5
56 36 5
57 36 5
58 36 5
59 36 5
60 36 5
61 36 5
62 36 5
63 36 5
64 36 5
65 36 5
66 36 5
66 37 5
67 37 5
68 37 5
68 38 5
67 38 5
66 38 5
65 38 5
64 38 5
63 38 5
62 38 5
61 38 5
60 38 5
59 38 5
58 38 5
57 38 5
56 38 5
55 38 5
54 38 5
53 38 5
52 38 5
51 38 5
50 38 5
49 38 5
48 38 5
47 38 5
46 38 5
45 38 5
44 38 5
43 38 5
42 38 5
41 38 5
40 38 5
39 38 5
38 38 5
37 38 5
36 38 5
35 38 5
34 38 5
33 38 5
32 38 5
31 38 5
30 38 5
29 38 5
28 38 5
27 38 5
26 38 5
25 38 5
24 38 5
23 38 5
22 38 5
21 38 5
21 37 5
20 37 5
20 36 5
20 35 5
19 35 5
19 36 5
18 36 5
17 36 5
16 36 5
16 35 5
17 35 5
18 35 5
18 34 5
19 34 5
20 34 5
21 34 5
22 34 5
23 34 5
24 34 5
25 34 5
26 34 5
27 34 5
28 34 5
29 34 5
30 34 5
31 34 5
32 34 5
33 34 5
34 34 5
35 34 5
36 34 5
37 34 5
38 34 5
39 34 5
40 34 5
41 34 5
42 34 5
43 34 5
44 34 5
45 34 5
46 34 5
47 34 5
48 34 5
49 34 5
50 34 5
51 34 5
52 34 5
53 34 5
54 34 5
55 34 5
56 34 5
57 34 5
58 34 5
59 34 5
60 34 5
61 34 5
62 34 5
63 34 5
64 34 5
65 34 5
66 34 5
67 34 5
68 34 5
68 35 5
69 35 5
70 35 5
71 35 5
72 35 5
73 35 5
74 35 5
74 36 5
75 36 5
76 36 5
76 37 5
76 38 5
75 38 5
75 39 5
74 39 5
73 39 5
72 39 5
71 39 5
70 39 5
70 40 5
69 40 5
68 40 5
67 40 5
66 40 5
65 40 5
64 40 5
63 40 5
62 40 5
61 40 5
60 40 5
59 40 5
58 40 5
57 40 5
56 40 5
55 40 5
54 40 5
53 40 5
52 40 5
51 40 5
50 40 5
49 40 5
48 40 5
47 40 5
46 40 5
45 40 5
44 40 5
43 40 5
42 40 5
41 40 5
40 40 5
39 40 5
38 40 5
37 40 5
36 40 5
35 40 5
34 40 5
33 40 5
32 40 5
31 40 5
30 40 5
29 40 5
28 40 5
27 40 5
26 40 5
25 40 5
24 40 5
23 40 5
22 40 5
21 40 5
20 40 5
19 40 5
19 39 5
18 39 5
17 39 5
16 39 5
15 39 5
14 39 5
14 38 5
13 38 5
12 38 5
12 37 5
11 37 5
11 38 5
11 39 5
12 39 5
13 39 5
13 40 5
14 40 5
15 40 5
16 40 5
17 40 5
18 40 5
18 41 5
19 41 5
20 41 5
21 41 5
22 41 5
23 41 5
24 41 5
25 41 5
26 41 5
27 41 5
28 41 5
29 41 5
30 41 5
31 41 5
32 41 5
33 41 5
34 41 5
35 41 5
36 41 5
37 41 5
38 41 5
39 41 5
40 41 5
41 41 5
42 41 5
43 41 5
44 41 5
45 41 5
46 41 5
47 41 5
48 41 5
49 41 5
50 41 5
51 41 5
52 41 5
53 41 5
54 41 5
55 41 5
56 41 5
57 41 5
58 41 5
59 41 5
60 41 5
61 41 5
62 41 5
63 41 5
64 41 5
65 41 5
66 41 5
67 41 5
68 41 5
69 41 5
70 41 5
71 41 5
71 40 5
72 40 5
73 40 5
74 40 5
75 40 5
76 40 5
76 39 5
77 39 5
77 38 5
78 38 5
78 37 5
78 36 5
77 36 5
77 35 5
76 35 5
75 35 5
75 34 5
74 34 5
73 34 5
72 34 5
71 34 5
70 34 5
69 34 5
69 33 5
68 33 5
67 33 5
66 33 5
65 33 5
64 33 5
63 33 5
62 33 5
61 33 5
60 33 5
59 33 5
58 33 5
57 33 5
56 33 5
55 33 5
54 33 5
53 33 5
52 33 5
51 33 5
50 33 5
49 33 5
48 33 5
47 33 5
46 33 5
45 33 5
44 33 5
43 33 5
42 33 5
41 33 5
40 33 5
39 33 5
38 33 5
37 33 5
36 33 5
35 33 5
34 33 5
33 33 5
32 33 5
31 33 5
30 33 5
29 33 5
28 33 5
27 33 5
26 33 5
25 33 5
24 33 5
23 33 5
22 33 5
21 33 5
20 33 5
19 33 5
18 33 5
17 33 5
17 34 5
16 34 5
15 34 5
14 34 5
13 34 5
13 35 5
12 35 5
11 35 5
11 35 6
12 35 6
12 34 6
13 34 6
14 34 6
15 34 6
16 34 6
17 34 6
17 33 6
18 33 6
19 33 6
20 33 6
21 33 6
22 33 6
23 33 6
24 33 6
25 33 6
26 33 6
27 33 6
28 33 6
29 33 6
30 33 6
31 33 6
32 33 6
33 33 6
34 33 6
35 33 6
36 33 6
37 33 6
38 33 6
39 33 6
40 33 6
41 33 6
42 33 6
43 33 6
43 32 6
43 31 6
42 31 6
42 30 6
42 29 6
41 29 6
40 29 6
40 28 6
41 28 6
41 27 6
41 26 6
41 25 6
41 24 6
41 23 6
40 23 6
40 22 6
40 21 6
39 21 6
38 21 6
38 21 5
39 21 5
40 21 5
41 21 5
41 20 5
40 20 5
39 20 5
38 20 5
38 20 6
39 20 6
39 19 6
39 18 6
39 17 6
38 17 6
38 16 6
38 15 6
37 15 6
36 15 6
36 14 6
37 14 6
37 13 6
37 12 6
37 11 6
37 10 6
37 9 6
36 9 6
36 8 6
36 7 6
36 6 6
35 6 6
35 5 6
35 5 5
36 5 5
36 6 5
36 7 5
37 7 5
37 8 5
37 9 5
38 9 5
38 10 5
38 11 5
37 11 5
36 11 5
36 12 5
37 12 5
37 13 5
37 14 5
36 14 5
36 15 5
37 15 5
38 15 5
39 15 5
40 15 5
41 15 5
41 16 5
41 17 5
41 17 4
42 17 4
43 17 4
44 17 4
45 17 4
46 17 4
47 17 4
48 17 4
48 16 4
49 16 4
50 16 4
50 17 4
51 17 4
51 18 4
50 18 4
49 18 4
48 18 4
47 18 4
46 18 4
45 18 4
44 18 4
43 18 4
43 18 3
44 18 3
45 18 3
46 18 3
47 18 3
48 18 3
48 19 3
49 19 3
49 18 3
50 18 3
50 17 3
51 17 3
51 16 3
50 16 3
49 16 3
48 16 3
47 16 3
46 16 3
45 16 3
45 17 3
44 17 3
44 17 2
45 17 2
46 17 2
46 16 2
47 16 2
48 16 2
49 16 2
50 16 2
51 16 2
51 17 2
51 18 2
50 18 2
49 18 2
49 19 2
48 19 2
48 18 2
48 18 1
49 18 1
50 18 1
51 18 1
51 17 1
50 17 1
50 16 1
49 16 1
48 16 1
47 16 1
47 17 1
47 18 1
47 18 2
46 18 2
45 18 2
44 18 2
43 18 2
43 17 2
43 17 3
42 17 3
42 18 3
42 18 4
41 18 4
41 18 5
42 18 5
43 18 5
44 18 5
45 18 5
46 18 5
47 18 5
48 18 5
49 18 5
50 18 5
51 18 5
51 17 5
50 17 5
49 17 5
48 17 5
47 17 5
46 17 5
45 17 5
45 16 5
45 15 5
45 14 5
45 13 5
44 13 5
44 12 5
44 11 5
43 11 5
43 10 5
43 9 5
42 9 5
42 8 5
42 7 5
41 7 5
41 6 5
41 5 5
40 5 5
40 4 5
40 3 5
39 3 5
39 2 5
38 2 5
37 2 5
36 2 5
36 1 5
35 1 5
34 1 5
34 2 5
34 3 5
35 3 5
36 3 5
37 3 5
38 3 5
38 4 5
39 4 5
39 5 5
39 6 5
40 6 5
40 7 5
40 8 5
41 8 5
41 9 5
41 10 5
42 10 5
42 11 5
42 12 5
43 12 5
43 13 5
43 14 5
44 14 5
44 15 5
44 16 5
44 17 5
43 17 5
42 17 5
42 16 5
42 15 5
42 14 5
41 14 5
40 14 5
39 14 5
38 14 5
38 13 5
38 12 5
39 12 5
40 12 5
40 13 5
41 13 5
41 12 5
41 11 5
40 11 5
39 11 5
39 10 5
39 9 5
39 8 5
38 8 5
38 7 5
38 6 5
37 6 5
37 5 5
37 4 5
36 4 5
35 4 5
35 4 6
36 4 6
36 5 6
37 5 6
37 6 6
38 6 6
39 6 6
40 6 6
41 6 6
41 7 6
41 8 6
42 8 6
42 9 6
43 9 6
43 10 6
43 11 6
44 11 6
44 12 6
44 13 6
45 13 6
45 14 6
45 15 6
46 15 6
46 16 6
46 17 6
47 17 6
47 18 6
47 19 6
48 19 6
48 20 6
49 20 6
49 21 6
49 22 6
50 22 6
50 23 6
50 24 6
51 24 6
52 24 6
53 24 6
53 25 6
52 25 6
52 26 6
52 27 6
52 28 6
52 29 6
53 29 6
53 30 6
53 31 6
54 31 6
54 32 6
54 33 6
55 33 6
56 33 6
57 33 6
58 33 6
58 34 6
59 34 6
60 34 6
61 34 6
62 34 6
63 34 6
64 34 6
65 34 6
66 34 6
67 34 6
68 34 6
69 34 6
70 34 6
71 34 6
72 34 6
73 34 6
74 34 6
74 35 6
75 35 6
76 35 6
76 36 6
77 36 6
77 37 6
77 38 6
77 39 6
76 39 6
75 39 6
75 40 6
74 40 6
73 40 6
72 40 6
71 40 6
70 40 6
69 40 6
68 40 6
68 41 6
67 41 6
66 41 6
65 41 6
64 41 6
63 41 6
62 41 6
61 41 6
60 41 6
59 41 6
58 41 6
57 41 6
56 41 6
55 41 6
54 41 6
54 42 6
54 43 6
53 43 6
53 44 6
53 45 6
52 45 6
52 46 6
52 47 6
52 48 6
52 49 6
53 49 6
53 50 6
52 50 6
51 50 6
50 50 6
50 51 6
50 52 6
49 52 6
49 53 6
48 53 6
48 54 6
48 55 6
47 55 6
47 56 6
47 57 6
46 57 6
46 58 6
46 59 6
45 59 6
45 60 6
45 61 6
44 61 6
44 62 6
44 63 6
43 63 6
43 64 6
43 65 6
42 65 6
42 66 6
41 66 6
41 67 6
41 68 6
40 68 6
39 68 6
39 67 6
38 67 6
38 66 6
38 65 6
38 64 6
38 63 6
37 63 6
36 63 6
36 62 6
36 61 6
36 60 6
36 60 5
37 60 5
37 61 5
37 62 5
36 62 5
35 62 5
35 63 5
36 63 5
37 63 5
37 64 5
37 65 5
37 66 5
36 66 5
36 66 4
36 65 4
36 64 4
37 64 4
37 65 4
37 66 4
37 67 4
37 68 4
36 68 4
36 69 4
36 70 4
35 70 4
35 69 4
35 68 4
35 67 4
36 67 4
36 67 5
37 67 5
38 67 5
38 66 5
38 65 5
38 64 5
38 63 5
38 62 5
39 62 5
39 63 5
39 64 5
39 65 5
40 65 5
40 64 5
40 63 5
41 63 5
41 62 5
41 61 5
40 61 5
39 61 5
38 61 5
38 60 5
39 60 5
40 60 5
41 60 5
42 60 5
43 60 5
43 59 5
43 58 5
44 58 5
44 59 5
44 60 5
44 61 5
43 61 5
43 62 5
42 62 5
42 63 5
42 64 5
41 64 5
41 65 5
41 66 5
40 66 5
40 67 5
40 68 5
39 68 5
39 69 5
38 69 5
38 70 5
38 71 5
37 71 5
37 70 5
37 69 5
37 68 5
36 68 5
36 69 5
36 70 5
35 70 5
34 70 5
34 71 5
34 72 5
34 73 5
35 73 5
36 73 5
36 72 5
37 72 5
38 72 5
39 72 5
39 71 5
39 70 5
40 70 5
40 69 5
41 69 5
41 68 5
41 67 5
42 67 5
42 66 5
42 65 5
43 65 5
43 64 5
43 63 5
44 63 5
44 62 5
45 62 5
45 61 5
45 60 5
45 59 5
45 58 5
45 57 5
46 57 5
47 57 5
48 57 5
49 57 5
50 57 5
51 57 5
51 56 5
50 56 5
49 56 5
48 56 5
47 56 5
47 56 4
48 56 4
48 55 4
49 55 4
49 56 4
49 57 4
50 57 4
50 56 4
50 55 4
51 55 4
51 56 4
51 57 4
51 58 4
50 58 4
49 58 4
49 58 3
50 58 3
51 58 3
51 57 3
51 56 3
51 55 3
50 55 3
49 55 3
48 55 3
47 55 3
46 55 3
45 55 3
45 56 3
44 56 3
44 56 2
45 56 2
45 55 2
46 55 2
46 56 2
46 57 2
47 57 2
48 57 2
49 57 2
50 57 2
50 56 2
49 56 2
48 56 2
47 56 2
47 56 1
46 56 1
46 57 1
47 57 1
47 58 1
48 58 1
48 57 1
48 56 1
49 56 1
49 57 1
49 58 1
50 58 1
51 58 1
51 57 1
51 56 1
50 56 1
50 55 1
49 55 1
48 55 1
47 55 1
47 55 2
48 55 2
49 55 2
50 55 2
51 55 2
51 56 2
51 57 2
51 58 2
50 58 2
49 58 2
48 58 2
47 58 2
46 58 2
45 58 2
45 57 2
44 57 2
43 57 2
43 56 2
43 56 3
42 56 3
42 57 3
43 57 3
44 57 3
45 57 3
45 58 3
46 58 3
46 57 3
46 56 3
47 56 3
48 56 3
49 56 3
50 56 3
50 57 3
49 57 3
48 57 3
47 57 3
47 58 3
48 58 3
48 58 4
48 57 4
47 57 4
46 57 4
46 56 4
46 56 5
45 56 5
44 56 5
44 57 5
43 57 5
42 57 5
42 58 5
42 59 5
41 59 5
40 59 5
39 59 5
38 59 5
37 59 5
36 59 5
36 59 6
37 59 6
38 59 6
38 58 6
38 57 6
39 57 6
39 56 6
39 55 6
39 54 6
38 54 6
38 54 5
39 54 5
40 54 5
41 54 5
41 53 5
40 53 5
39 53 5
38 53 5
38 53 6
39 53 6
39 52 6
39 51 6
39 50 6
40 50 6
40 49 6
40 48 6
41 48 6
41 47 6
41 46 6
40 46 6
39 46 6
39 45 6
40 45 6
41 45 6
42 45 6
42 44 6
42 43 6
43 43 6
43 42 6
43 41 6
42 41 6
41 41 6
40 41 6
39 41 6
38 41 6
37 41 6
37 40 6
36 40 6
35 40 6
34 40 6
33 40 6
32 40 6
31 40 6
30 40 6
29 40 6
28 40 6
28 41 6
27 41 6
26 41 6
25 41 6
24 41 6
23 41 6
22 41 6
21 41 6
20 41 6
19 41 6
18 41 6
18 40 6
17 40 6
16 40 6
15 40 6
14 40 6
13 40 6
13 39 6
12 39 6
11 39 6
10 39 6
9 39 6
9 38 6
9 38 7
9 39 7
10 39 7
11 39 7
12 39 7
13 39 7
13 40 7
14 40 7
15 40 7
16 40 7
17 40 7
18 40 7
19 40 7
19 41 7
20 41 7
21 41 7
22 41 7
23 41 7
23 40 7
24 40 7
25 40 7
26 40 7
27 40 7
28 40 7
29 40 7
30 40 7
31 40 7
32 40 7
33 40 7
34 40 7
35 40 7
36 40 7
37 40 7
38 40 7
39 40 7
40 40 7
41 40 7
41 41 7
41 42 7
41 43 7
41 44 7
41 45 7
40 45 7
39 45 7
39 46 7
40 46 7
41 46 7
41 47 7
41 48 7
41 49 7
40 49 7
40 50 7
40 51 7
40 52 7
41 52 7
41 53 7
41 54 7
42 54 7
42 55 7
42 56 7
42 57 7
43 57 7
43 58 7
44 58 7
44 59 7
45 59 7
45 58 7
46 58 7
46 57 7
46 56 7
47 56 7
47 55 7
48 55 7
48 54 7
48 53 7
49 53 7
49 52 7
50 52 7
50 51 7
50 50 7
51 50 7
51 49 7
51 48 7
52 48 7
52 47 7
52 46 7
53 46 7
53 45 7
53 44 7
54 44 7
54 43 7
54 42 7
55 42 7
55 41 7
56 41 7
57 41 7
57 40 7
58 40 7
59 40 7
60 40 7
61 40 7
62 40 7
63 40 7
64 40 7
65 40 7
66 40 7
67 40 7
68 40 7
69 40 7
70 40 7
71 40 7
72 40 7
72 39 7
73 39 7
74 39 7
75 39 7
75 38 7
76 38 7
76 37 7
76 36 7
75 36 7
75 35 7
74 35 7
73 35 7
72 35 7
71 35 7
71 34 7
70 34 7
69 34 7
68 34 7
67 34 7
66 34 7
65 34 7
64 34 7
63 34 7
62 34 7
61 34 7
60 34 7
59 34 7
58 34 7
57 34 7
56 34 7
56 33 7
55 33 7
55 32 7
54 32 7
54 31 7
54 30 7
53 30 7
53 29 7
53 28 7
52 28 7
52 27 7
52 26 7
51 26 7
51 25 7
50 25 7
50 24 7
50 23 7
50 22 7
49 22 7
49 21 7
48 21 7
48 20 7
48 19 7
47 19 7
47 18 7
47 17 7
46 17 7
46 16 7
45 16 7
45 15 7
44 15 7
44 16 7
43 16 7
43 17 7
43 18 7
42 18 7
42 19 7
42 20 7
41 20 7
41 21 7
41 22 7
40 22 7
40 23 7
41 23 7
41 24 7
41 25 7
41 26 7
41 27 7
41 28 7
40 28 7
40 29 7
41 29 7
41 30 7
42 30 7
42 31 7
42 32 7
42 33 7
41 33 7
41 34 7
40 34 7
39 34 7
38 34 7
37 34 7
36 34 7
35 34 7
34 34 7
33 34 7
32 34 7
31 34 7
30 34 7
29 34 7
28 34 7
27 34 7
26 34 7
25 34 7
24 34 7
24 33 7
23 33 7
22 33 7
21 33 7
20 33 7
19 33 7
18 33 7
18 34 7
17 34 7
16 34 7
15 34 7
14 34 7
13 34 7
12 34 7
12 35 7
11 35 7
10 35 7
10 36 7
11 36 7
12 36 7
13 36 7
13 35 7
14 35 7
14 36 7
14 37 7
15 37 7
15 38 7
16 38 7
17 38 7
18 38 7
19 38 7
20 38 7
21 38 7
22 38 7
23 38 7
24 38 7
25 38 7
26 38 7
27 38 7
28 38 7
29 38 7
30 38 7
31 38 7
32 38 7
33 38 7
34 38 7
35 38 7
36 38 7
37 38 7
38 38 7
39 38 7
40 38 7
41 38 7
42 38 7
43 38 7
43 39 7
43 40 7
43 41 7
43 42 7
43 43 7
43 44 7
43 45 7
43 46 7
43 47 7
43 48 7
43 49 7
43 50 7
43 51 7
43 52 7
44 52 7
44 53 7
44 54 7
45 54 7
45 53 7
46 53 7
46 52 7
46 51 7
47 51 7
47 50 7
48 50 7
48 49 7
48 48 7
49 48 7
49 47 7
49 46 7
50 46 7
50 45 7
50 44 7
51 44 7
51 43 7
51 42 7
52 42 7
52 41 7
52 40 7
53 40 7
53 39 7
54 39 7
55 39 7
55 38 7
56 38 7
57 38 7
58 38 7
59 38 7
60 38 7
61 38 7
62 38 7
63 38 7
64 38 7
65 38 7
66 38 7
67 38 7
68 38 7
69 38 7
70 38 7
70 37 7
69 37 7
69 36 7
68 36 7
67 36 7
66 36 7
65 36 7
64 36 7
63 36 7
62 36 7
61 36 7
60 36 7
59 36 7
58 36 7
57 36 7
56 36 7
55 36 7
54 36 7
54 35 7
53 35 7
53 34 7
52 34 7
52 33 7
52 32 7
51 32 7
51 31 7
51 30 7
50 30 7
50 29 7
50 28 7
49 28 7
49 27 7
48 27 7
48 26 7
48 25 7
48 24 7
47 24 7
47 23 7
46 23 7
46 22 7
46 21 7
45 21 7
45 20 7
44 20 7
44 21 7
44 22 7
43 22 7
43 23 7
44 23 7
45 23 7
45 24 7
46 24 7
46 25 7
47 25 7
47 26 7
47 27 7
47 28 7
48 28 7
48 29 7
49 29 7
49 30 7
49 31 7
50 31 7
50 32 7
50 33 7
51 33 7
51 34 7
51 35 7
52 35 7
52 36 7
53 36 7
53 37 7
54 37 7
54 38 7
53 38 7
52 38 7
52 39 7
51 39 7
51 40 7
51 41 7
50 41 7
50 42 7
50 43 7
49 43 7
49 44 7
49 45 7
48 45 7
48 46 7
48 47 7
47 47 7
47 48 7
47 49 7
46 49 7
46 50 7
45 50 7
45 51 7
44 51 7
44 50 7
44 49 7
44 48 7
44 47 7
44 46 7
44 45 7
44 44 7
44 43 7
44 42 7
44 41 7
44 40 7
44 39 7
44 38 7
45 38 7
46 38 7
47 38 7
47 37 7
47 36 7
47 35 7
47 34 7
47 33 7
48 33 7
48 34 7
48 35 7
49 35 7
49 36 7
49 37 7
49 38 7
49 39 7
48 39 7
48 40 7
48 41 7
47 41 7
47 42 7
47 43 7
46 43 7
46 42 7
46 41 7
46 40 7
46 39 7
45 39 7
45 40 7
45 41 7
45 42 7
45 43 7
45 44 7
45 45 7
45 46 7
45 47 7
45 48 7
46 48 7
46 47 7
46 46 7
47 46 7
47 45 7
47 44 7
48 44 7
48 43 7
48 42 7
49 42 7
49 41 7
49 40 7
50 40 7
50 39 7
50 38 7
51 38 7
51 37 7
51 36 7
50 36 7
50 35 7
50 34 7
49 34 7
49 33 7
49 32 7
48 32 7
48 31 7
48 30 7
47 30 7
47 29 7
46 29 7
46 30 7
46 31 7
46 32 7
46 33 7
46 34 7
46 35 7
46 36 7
46 37 7
45 37 7
44 37 7
44 36 7
45 36 7
45 35 7
45 34 7
45 33 7
45 32 7
45 31 7
45 30 7
45 29 7
45 28 7
45 27 7
44 27 7
44 26 7
44 25 7
44 24 7
43 24 7
43 25 7
43 26 7
43 27 7
43 28 7
44 28 7
44 29 7
44 30 7
44 31 7
44 32 7
44 33 7
44 34 7
44 35 7
43 35 7
43 36 7
42 36 7
41 36 7
40 36 7
39 36 7
38 36 7
37 36 7
36 36 7
35 36 7
34 36 7
33 36 7
32 36 7
31 36 7
30 36 7
29 36 7
28 36 7
27 36 7
26 36 7
25 36 7
24 36 7
23 36 7
22 36 7
22 35 7
21 35 7
20 35 7
20 36 7
19 36 7
18 36 7
17 36 7
16 36 7
15 36 7
15 35 7
16 35 7
17 35 7
18 35 7
19 35 7
19 34 7
20 34 7
21 34 7
22 34 7
23 34 7
23 35 7
24 35 7
25 35 7
26 35 7
27 35 7
28 35 7
29 35 7
30 35 7
31 35 7
32 35 7
33 35 7
34 35 7
35 35 7
36 35 7
37 35 7
38 35 7
39 35 7
40 35 7
41 35 7
42 35 7
42 34 7
43 34 7
43 33 7
43 32 7
43 31 7
43 30 7
43 29 7
42 29 7
42 28 7
42 27 7
42 26 7
42 25 7
42 24 7
42 23 7
42 22 7
42 21 7
43 21 7
43 20 7
43 19 7
44 19 7
44 18 7
44 17 7
45 17 7
45 18 7
46 18 7
46 19 7
46 20 7
47 20 7
47 21 7
47 22 7
48 22 7
48 23 7
49 23 7
49 24 7
49 25 7
49 26 7
50 26 7
50 27 7
51 27 7
51 28 7
51 29 7
52 29 7
52 30 7
52 31 7
53 31 7
53 32 7
53 33 7
54 33 7
54 34 7
55 34 7
55 35 7
56 35 7
57 35 7
58 35 7
59 35 7
60 35 7
61 35 7
62 35 7
63 35 7
64 35 7
65 35 7
66 35 7
67 35 7
68 35 7
69 35 7
70 35 7
70 36 7
71 36 7
72 36 7
73 36 7
74 36 7
74 37 7
74 38 7
73 38 7
72 38 7
71 38 7
71 39 7
70 39 7
69 39 7
68 39 7
67 39 7
66 39 7
65 39 7
64 39 7
63 39 7
62 39 7
61 39 7
60 39 7
59 39 7
58 39 7
57 39 7
56 39 7
56 40 7
55 40 7
54 40 7
54 41 7
53 41 7
53 42 7
53 43 7
52 43 7
52 44 7
52 45 7
51 45 7
51 46 7
51 47 7
50 47 7
50 48 7
50 49 7
49 49 7
49 50 7
49 51 7
48 51 7
48 52 7
47 52 7
47 53 7
47 54 7
46 54 7
46 55 7
45 55 7
45 56 7
45 57 7
44 57 7
44 56 7
43 56 7
43 55 7
43 54 7
43 53 7
42 53 7
42 52 7
42 51 7
41 51 7
41 50 7
42 50 7
42 49 7
42 48 7
42 47 7
42 46 7
42 45 7
42 44 7
42 43 7
42 42 7
42 41 7
42 40 7
42 39 7
41 39 7
40 39 7
39 39 7
38 39 7
37 39 7
36 39 7
35 39 7
34 39 7
33 39 7
32 39 7
31 39 7
30 39 7
29 39 7
28 39 7
27 39 7
26 39 7
25 39 7
24 39 7
23 39 7
22 39 7
22 40 7
21 40 7
20 40 7
20 39 7
19 39 7
18 39 7
17 39 7
16 39 7
15 39 7
14 39 7
14 38 7
13 38 7
12 38 7
11 38 7
10 38 7
10 37 7
9 37 7
9 36 7
9 35 7
8 35 7
8 36 7
7 36 7
6 36 7
6 37 7
6 38 7
7 38 7
7 38 8
7 37 8
7 36 8
8 36 8
8 35 8
9 35 8
9 36 8
9 37 8
10 37 8
10 38 8
11 38 8
12 38 8
13 38 8
14 38 8
15 38 8
15 39 8
16 39 8
17 39 8
18 39 8
19 39 8
20 39 8
21 39 8
22 39 8
23 39 8
24 39 8
25 39 8
26 39 8
27 39 8
27 38 8
28 38 8
29 38 8
30 38 8
31 38 8
32 38 8
33 38 8
34 38 8
35 38 8
36 38 8
37 38 8
38 38 8
39 38 8
39 39 8
40 39 8
41 39 8
42 39 8
43 39 8
44 39 8
44 40 8
45 40 8
46 40 8
46 41 8
46 42 8
46 43 8
46 44 8
47 44 8
47 45 8
48 45 8
48 46 8
48 47 8
49 47 8
50 47 8
50 46 8
51 46 8
51 45 8
51 44 8
52 44 8
52 43 8
53 43 8
53 42 8
53 41 8
54 41 8
54 40 8
55 40 8
55 39 8
56 39 8
57 39 8
58 39 8
58 38 8
59 38 8
60 38 8
61 38 8
62 38 8
63 38 8
64 38 8
65 38 8
66 38 8
67 38 8
68 38 8
69 38 8
70 38 8
71 38 8
72 38 8
72 37 8
71 37 8
71 36 8
70 36 8
69 36 8
68 36 8
67 36 8
66 36 8
65 36 8
64 36 8
63 36 8
62 36 8
61 36 8
60 36 8
59 36 8
58 36 8
58 35 8
57 35 8
56 35 8
55 35 8
55 34 8
54 34 8
54 33 8
53 33 8
53 32 8
53 31 8
52 31 8
52 30 8
51 30 8
51 29 8
51 28 8
50 28 8
50 27 8
49 27 8
48 27 8
48 28 8
47 28 8
47 29 8
47 30 8
47 31 8
46 31 8
46 32 8
46 33 8
46 34 8
45 34 8
45 35 8
44 35 8
43 35 8
42 35 8
41 35 8
40 35 8
39 35 8
38 35 8
37 35 8
36 35 8
35 35 8
34 35 8
33 35 8
32 35 8
31 35 8
30 35 8
29 35 8
28 35 8
27 35 8
26 35 8
25 35 8
24 35 8
23 35 8
22 35 8
21 35 8
20 35 8
19 35 8
18 35 8
17 35 8
16 35 8
16 36 8
17 36 8
18 36 8
19 36 8
20 36 8
21 36 8
22 36 8
23 36 8
24 36 8
25 36 8
26 36 8
27 36 8
28 36 8
29 36 8
30 36 8
31 36 8
32 36 8
33 36 8
34 36 8
35 36 8
36 36 8
37 36 8
38 36 8
39 36 8
40 36 8
41 36 8
42 36 8
43 36 8
44 36 8
45 36 8
46 36 8
46 35 8
47 35 8
47 34 8
48 34 8
49 34 8
50 34 8
50 35 8
50 36 8
51 36 8
51 37 8
51 38 8
50 38 8
50 39 8
50 40 8
49 40 8
49 39 8
49 38 8
49 37 8
49 36 8
49 35 8
48 35 8
48 36 8
47 36 8
47 37 8
46 37 8
46 38 8
47 38 8
48 38 8
48 39 8
48 40 8
48 41 8
48 42 8
49 42 8
50 42 8
50 41 8
51 41 8
51 40 8
51 39 8
52 39 8
52 38 8
53 38 8
53 37 8
53 36 8
52 36 8
52 35 8
51 35 8
51 34 8
51 33 8
50 33 8
50 32 8
49 32 8
49 33 8
48 33 8
47 33 8
47 32 8
48 32 8
48 31 8
48 30 8
48 29 8
49 29 8
50 29 8
50 30 8
50 31 8
51 31 8
51 32 8
52 32 8
52 33 8
52 34 8
53 34 8
53 35 8
54 35 8
54 36 8
55 36 8
56 36 8
57 36 8
57 37 8
57 38 8
56 38 8
55 38 8
54 38 8
54 39 8
53 39 8
53 40 8
52 40 8
52 41 8
52 42 8
51 42 8
51 43 8
50 43 8
50 44 8
50 45 8
49 45 8
49 44 8
48 44 8
48 43 8
47 43 8
47 42 8
47 41 8
47 40 8
47 39 8
46 39 8
45 39 8
45 38 8
44 38 8
43 38 8
42 38 8
41 38 8
40 38 8
40 37 8
39 37 8
38 37 8
37 37 8
36 37 8
35 37 8
34 37 8
33 37 8
32 37 8
31 37 8
30 37 8
29 37 8
28 37 8
27 37 8
26 37 8
26 38 8
25 38 8
24 38 8
23 38 8
22 38 8
21 38 8
20 38 8
19 38 8
18 38 8
17 38 8
16 38 8
16 37 8
15 37 8
15 36 8
15 35 8
14 35 8
14 36 8
13 36 8
12 36 8
11 36 8
10 36 8
10 35 8
11 35 8
12 35 8
13 35 8
13 34 8
14 34 8
15 34 8
16 34 8
17 34 8
18 34 8
19 34 8
20 34 8
21 34 8
22 34 8
23 34 8
24 34 8
25 34 8
26 34 8
27 34 8
28 34 8
29 34 8
30 34 8
31 34 8
32 34 8
33 34 8
34 34 8
35 34 8
36 34 8
37 34 8
38 34 8
39 34 8
40 34 8
41 34 8
42 34 8
43 34 8
44 34 8
44 33 8
45 33 8
45 32 8
45 31 8
45 30 8
46 30 8
46 29 8
46 28 8
46 27 8
47 27 8
47 26 8
48 26 8
49 26 8
49 25 8
50 25 8
50 26 8
51 26 8
51 27 8
52 27 8
52 28 8
52 29 8
53 29 8
53 30 8
54 30 8
54 31 8
54 32 8
55 32 8
55 33 8
56 33 8
56 34 8
57 34 8
58 34 8
59 34 8
59 35 8
60 35 8
61 35 8
62 35 8
63 35 8
64 35 8
65 35 8
66 35 8
67 35 8
68 35 8
69 35 8
70 35 8
71 35 8
72 35 8
72 36 8
73 36 8
74 36 8
74 37 8
74 38 8
73 38 8
73 39 8
72 39 8
71 39 8
70 39 8
69 39 8
68 39 8
67 39 8
66 39 8
65 39 8
64 39 8
63 39 8
62 39 8
61 39 8
60 39 8
59 39 8
59 40 8
58 40 8
57 40 8
56 40 8
56 41 8
55 41 8
55 42 8
54 42 8
54 43 8
54 44 8
53 44 8
53 45 8
52 45 8
52 46 8
52 47 8
51 47 8
51 48 8
50 48 8
50 49 8
50 50 8
49 50 8
49 49 8
48 49 8
48 48 8
47 48 8
47 47 8
47 46 8
46 46 8
46 45 8
45 45 8
45 44 8
45 43 8
45 42 8
45 41 8
44 41 8
43 41 8
43 40 8
42 40 8
41 40 8
40 40 8
39 40 8
38 40 8
38 39 8
37 39 8
36 39 8
35 39 8
34 39 8
33 39 8
32 39 8
31 39 8
30 39 8
29 39 8
28 39 8
28 40 8
27 40 8
26 40 8
25 40 8
24 40 8
23 40 8
22 40 8
21 40 8
20 40 8
19 40 8
18 40 8
17 40 8
16 40 8
15 40 8
14 40 8
14 39 8
13 39 8
12 39 8
11 39 8
10 39 8
9 39 8
9 38 8
9 38 9
10 38 9
11 38 9
12 38 9
13 38 9
13 39 9
14 39 9
14 38 9
14 37 9
14 36 9
15 36 9
16 36 9
17 36 9
18 36 9
18 35 9
19 35 9
19 36 9
19 37 9
20 37 9
20 38 9
21 38 9
22 38 9
22 37 9
22 36 9
21 36 9
20 36 9
20 35 9
21 35 9
22 35 9
23 35 9
23 36 9
24 36 9
25 36 9
26 36 9
27 36 9
28 36 9
29 36 9
30 36 9
31 36 9
32 36 9
32 37 9
33 37 9
34 37 9
35 37 9
36 37 9
37 37 9
38 37 9
39 37 9
40 37 9
41 37 9
42 37 9
43 37 9
44 37 9
45 37 9
46 37 9
47 37 9
48 37 9
49 37 9
49 36 9
50 36 9
51 36 9
52 36 9
53 36 9
54 36 9
54 37 9
55 37 9
56 37 9
57 37 9
58 37 9
59 37 9
60 37 9
61 37 9
62 37 9
63 37 9
64 37 9
65 37 9
66 37 9
67 37 9
68 37 9
69 37 9
70 37 9
71 37 9
71 38 9
70 38 9
69 38 9
68 38 9
67 38 9
66 38 9
65 38 9
64 38 9
63 38 9
62 38 9
61 38 9
60 38 9
59 38 9
58 38 9
57 38 9
56 38 9
55 38 9
54 38 9
53 38 9
52 38 9
51 38 9
50 38 9
49 38 9
48 38 9
47 38 9
46 38 9
45 38 9
44 38 9
43 38 9
42 38 9
41 38 9
40 38 9
39 38 9
38 38 9
37 38 9
36 38 9
35 38 9
34 38 9
33 38 9
32 38 9
31 38 9
30 38 9
29 38 9
28 38 9
27 38 9
26 38 9
25 38 9
24 38 9
23 38 9
23 39 9
22 39 9
21 39 9
20 39 9
19 39 9
19 38 9
18 38 9
17 38 9
16 38 9
15 38 9
15 39 9
16 39 9
17 39 9
18 39 9
18 40 9
19 40 9
20 40 9
21 40 9
22 40 9
23 40 9
24 40 9
24 39 9
25 39 9
26 39 9
27 39 9
28 39 9
29 39 9
30 39 9
31 39 9
32 39 9
33 39 9
34 39 9
35 39 9
36 39 9
37 39 9
38 39 9
39 39 9
40 39 9
41 39 9
42 39 9
43 39 9
44 39 9
45 39 9
46 39 9
47 39 9
48 39 9
49 39 9
50 39 9
51 39 9
52 39 9
52 40 9
53 40 9
53 39 9
54 39 9
55 39 9
56 39 9
57 39 9
58 39 9
59 39 9
60 39 9
61 39 9
62 39 9
63 39 9
64 39 9
65 39 9
66 39 9
67 39 9
68 39 9
69 39 9
70 39 9
71 39 9
72 39 9
72 38 9
72 37 9
72 36 9
71 36 9
70 36 9
69 36 9
68 36 9
67 36 9
66 36 9
65 36 9
64 36 9
63 36 9
62 36 9
61 36 9
60 36 9
59 36 9
58 36 9
57 36 9
56 36 9
55 36 9
55 35 9
54 35 9
53 35 9
52 35 9
51 35 9
50 35 9
49 35 9
48 35 9
48 36 9
47 36 9
46 36 9
45 36 9
44 36 9
43 36 9
42 36 9
41 36 9
40 36 9
39 36 9
38 36 9
37 36 9
36 36 9
35 36 9
34 36 9
33 36 9
33 35 9
32 35 9
31 35 9
30 35 9
29 35 9
28 35 9
27 35 9
26 35 9
25 35 9
24 35 9
24 34 9
23 34 9
22 34 9
21 34 9
20 34 9
19 34 9
18 34 9
17 34 9
17 35 9
16 35 9
15 35 9
14 35 9
13 35 9
13 36 9
12 36 9
11 36 9
10 36 9
9 36 9
9 37 9
8 37 9
8 37 10
8 37 11
7 37 11
7 37 12
7 37 13
6 37 13
6 37 14
7 37 14
7 36 14
7 36 15
6 36 15
6 37 15
5 37 15
5 38 15
5 38 16
4 38 16
4 37 16
4 37 17
4 38 17
5 38 17
5 38 18
5 39 18
4 39 18
4 38 18
4 38 19
4 39 19
4 40 19
4 41 19
4 42 19
4 43 19
3 43 19
3 44 19
3 45 19
3 46 19
3 47 19
3 48 19
4 48 19
5 48 19
5 47 19
6 47 19
6 46 19
7 46 19
7 45 19
7 44 19
8 44 19
8 43 19
8 42 19
9 42 19
9 41 19
9 40 19
10 40 19
10 39 19
10 38 19
11 38 19
12 38 19
12 37 19
13 37 19
13 36 19
12 36 19
11 36 19
10 36 19
10 35 19
10 34 19
9 34 19
9 33 19
9 32 19
8 32 19
8 31 19
8 30 19
7 30 19
7 29 19
7 28 19
6 28 19
6 27 19
6 26 19
5 26 19
4 26 19
4 25 19
3 25 19
3 26 19
3 27 19
4 27 19
5 27 19
5 28 19
5 29 19
6 29 19
6 30 19
6 31 19
6 31 20
5 31 20
5 30 20
5 29 20
6 29 20
7 29 20
7 30 20
8 30 20
8 31 20
8 32 20
9 32 20
9 33 20
9 34 20
10 34 20
10 35 20
10 36 20
11 36 20
12 36 20
13 36 20
